parameter,forecast,year,mean,min,median,max,nmissing,eltype,std,pc975,pc025,pc85,pc15,pc75,pc25
B,0,1903,2.6556539546763,1.9952749789139719,2.655369750370809,3.330319439769846,0,Float64,0.18329433825307173,3.000401840201188,2.3007717198103874,2.8486806181362696,2.468144979257838,2.776921566455546,2.53210347888343
B,0,1908,2.731263017258893,2.088573654289717,2.7294777948019604,3.373228540283023,0,Float64,0.17586954404295077,3.0681962607496107,2.390601920303034,2.9155239058783784,2.552945129167809,2.8484613791585476,2.6154121659228524
B,0,1913,2.8401115741981102,2.1813934490998057,2.838962656917114,3.4363954719217866,0,Float64,0.16897523885571167,3.169740829013581,2.5105935837314566,3.016352484710257,2.6673115627184485,2.951267566020973,2.727802487531039
B,0,1918,2.9476558847990377,2.377027482688385,2.946453203856459,3.560244619695248,0,Float64,0.16239362758638534,3.263410245565883,2.6294380689237857,3.1162910936096933,2.7816958905113705,3.0576595675305547,2.8366313840057757
B,0,1923,3.074652041687091,2.5744669378365206,3.0722057537814194,3.6513154894040194,0,Float64,0.15701620485854637,3.3804195594728133,2.7769324845859784,3.235585138225086,2.9104374474891412,3.1825986187373223,2.9690448085014345
B,0,1928,3.2065628532733217,2.708948293568154,3.2042282095145,3.744909752984048,0,Float64,0.15344038576668564,3.5114915466098955,2.913164630119179,3.364517577595813,3.0471150491111225,3.3058833599507973,3.104310751674487
B,0,1933,3.348890778314528,2.8848455076805184,3.346995718128836,4.025442496115379,0,Float64,0.1559312634936828,3.674782756448258,3.0552049726152606,3.505114622842965,3.187385909876576,3.4474829967675893,3.2427918061754335
B,0,1938,3.4636648232265754,2.9417238181813543,3.4569900475575155,4.065454588312996,0,Float64,0.15853113195693547,3.7918386618593902,3.1666841261497094,3.628113739174485,3.297790030999951,3.5677089669861766,3.3567215470512473
B,0,1943,3.5707737681580207,2.9743177281090794,3.5705344113550592,4.229760894500008,0,Float64,0.16447940962628083,3.902709685386045,3.269186596187899,3.7428440237697918,3.397096846244305,3.676883598469798,3.4543952080466562
B,0,1948,3.6635990795124505,3.0444380195995633,3.659034965201263,4.229380231741703,0,Float64,0.1744580312402711,4.027951776294676,3.3389977203703745,3.848586945954607,3.481382019124824,3.7759702160252617,3.5438797053417765
B,0,1953,3.8076504145779233,3.158881721558328,3.799102929329758,4.50869527993094,0,Float64,0.19154564579032082,4.193231556909492,3.452198646472433,4.013468458565214,3.6097282037250094,3.936947110877862,3.6766813559932228
B,0,1958,3.930714602250576,3.269483851634296,3.924761329086037,4.823504981845157,0,Float64,0.20894991809402724,4.355663630236077,3.5430828759134463,4.146743680748561,3.713270459920165,4.07030194734845,3.7841388144161723
B,0,1963,4.0322134521228525,3.3513047360376444,4.024214957710731,5.081867664610129,0,Float64,0.21873057326245296,4.487575546185596,3.629759094541858,4.259751183289811,3.800765592042826,4.176191066918183,3.8767878592592298
B,0,1968,4.134404515660994,3.508049034974686,4.127360068411663,5.195690026430633,0,Float64,0.22681502667178785,4.60486863261647,3.726565190576928,4.367610579450964,3.8958974513848683,4.280812521635846,3.969323762223179
B,0,1973,4.209630301779727,3.4380300363595726,4.202541152692916,5.176655576242579,0,Float64,0.23145040550372775,4.678991041963232,3.7873243546585806,4.450537595440569,3.972807772997806,4.362957248221403,4.0393278636635115
B,0,1978,4.285271541050904,3.409642898105018,4.277415130576619,5.232084768318715,0,Float64,0.23695567182069815,4.769492665740752,3.855148466906095,4.530226724077926,4.039391521343376,4.4414476362219855,4.114653081858535
B,0,1983,4.2989367855366645,3.6026884393229657,4.291723277295226,5.20163194175053,0,Float64,0.23721815272626126,4.779773556601144,3.8614505830713126,4.548537486335811,4.052231658646232,4.460211693797074,4.136470719675489
B,0,1988,4.2704768265260675,3.5188804166292846,4.264055764820109,5.235823767759134,0,Float64,0.233302020607723,4.72861192821782,3.8247833303087266,4.518415839253462,4.02572501733445,4.434639241223222,4.110140749574779
B,0,1993,4.244144707311206,3.4938865373820205,4.2438410461710605,5.124207332092737,0,Float64,0.24271315547595157,4.719650170438895,3.7852404199726495,4.499215845927854,3.9861834961982763,4.408753534474682,4.073978361322957
B,0,1998,4.230016617695126,3.3833844267256596,4.23223881499065,5.245537891294528,0,Float64,0.2654063878505741,4.742558150257547,3.7275592316619526,4.50561166999799,3.9471934268974156,4.415215856659819,4.044031348165811
B,0,2003,4.214382443503086,3.251751376798146,4.218823585707737,5.423758064391897,0,Float64,0.30347355565684947,4.815153687772024,3.6419142012434578,4.529330186882742,3.887871993905664,4.416829007282365,3.9960247625871403
B,0,2008,4.187374079935773,3.1448857281057547,4.186749383350376,5.535654890855136,0,Float64,0.3527622066399159,4.887703737700189,3.5294052487456256,4.55526224621316,3.8101371497627086,4.4271435542992315,3.938806681070602
B,0,2013,4.162926573832336,2.7762854489031876,4.164404568032099,5.693061441946116,0,Float64,0.4075676089691294,4.97315150789903,3.417343570124166,4.585704465375072,3.7338234384224944,4.435590441564353,3.875724218930007
B,1,2018,4.168542829813328,2.537950877206912,4.165090166149771,6.111747074684393,0,Float64,0.4777594910789837,5.126850360652708,3.2686998695038403,4.658935818643588,3.672318336742439,4.485615458287675,3.8318725655905927
B,1,2023,4.166241113935647,2.1330946385751504,4.160563506406999,7.393489315003555,0,Float64,0.5582774923993254,5.275359261571747,3.106056859218861,4.748621181069898,3.591836321732354,4.539646855437391,3.7763825277650067
B,1,2028,4.16694557887841,1.7263186750926698,4.154699675332086,8.481596252065046,0,Float64,0.648530967585326,5.465125250520537,2.9370057742245006,4.842170960721041,3.5008440677342265,4.598167519849292,3.717687531811387
B,1,2033,4.171634523203999,1.3110137853361805,4.155814138909882,9.244860012357412,0,Float64,0.7468884464476214,5.678078561419676,2.764021955659063,4.943970354916005,3.4051584226924607,4.667469390027257,3.6520074351396405
B,1,2038,4.181177067787203,1.0317883907138419,4.155356242334655,10.149013903526267,0,Float64,0.8547043817390929,5.922584780350641,2.5811477044332034,5.062667184527567,3.3060741377559477,4.737903954445566,3.5875883297170814
B,1,2043,4.195636485058418,0.8054262210588735,4.154084040631654,11.319373286346577,0,Float64,0.9724523809162546,6.219493505326337,2.419685934470185,5.188875328109504,3.2081793711769926,4.816328620393701,3.5243730689158244
B,1,2048,4.214629093176577,0.624924176945247,4.155174329518979,13.289025783243215,0,Float64,1.1007816422326249,6.538180451269786,2.2473091756865946,5.323080049340075,3.102490312799554,4.898253527431111,3.455607491526551
b,0,1903,1.229956628431345,0.9749898754046273,1.2246232845337675,1.600728891018933,0,Float64,0.08210183203202781,1.4045288347533154,1.0877097526366806,1.3142071750930433,1.1440495492757068,1.2812166566221044,1.1718828170560904
b,0,1908,1.2352599543242986,1.0016475971668226,1.23123574059517,1.5716015298458839,0,Float64,0.07568261397717409,1.3962520645244028,1.1037914563997897,1.313159045217838,1.1561923173181585,1.2833107449868724,1.1818047569620556
b,0,1913,1.2406278071835048,1.0082466599524638,1.2353373087856427,1.5816377455604058,0,Float64,0.07254052814470457,1.3912698465245237,1.112923453734643,1.3155681591765156,1.1683945148115706,1.2871291952828101,1.1893696574975656
b,0,1918,1.2325242375216499,0.9924829832658545,1.2284671436269918,1.545195006934709,0,Float64,0.06845370063897159,1.3785351937711348,1.1072055194379422,1.3025978791800021,1.1635416896662345,1.2755127795887098,1.1865325555420565
b,0,1923,1.2285051521355717,1.0301494050071944,1.2252697757423956,1.5228111682180665,0,Float64,0.0640675231526731,1.358512406216762,1.1111162578651987,1.2952846242165588,1.1628820019191979,1.2694176582974526,1.1851276621766098
b,0,1928,1.2265458867382084,1.0391294369970923,1.2239868655171378,1.4860437458486147,0,Float64,0.061080209947597275,1.3558096518064149,1.1140698393994752,1.2896699765312685,1.1632276786523026,1.2643843882472452,1.185654842049356
b,0,1933,1.2294381556121041,1.0491264929823327,1.227185544791051,1.4571223805360876,0,Float64,0.05929896956869497,1.3527137412595063,1.117622855949573,1.2921951784650958,1.1685471421061142,1.2670021527514086,1.1885693837986546
b,0,1938,1.214246803562493,1.0501193757348564,1.2133446069596068,1.4152996866835055,0,Float64,0.05697879027566738,1.3311281480399426,1.1048204946872695,1.2724983689682365,1.1548870087954677,1.2511877451170386,1.1752036708535745
b,0,1943,1.191548738065793,0.985953211331508,1.1900175801037445,1.390194171508146,0,Float64,0.05446135566687761,1.300855068405359,1.0904132290446797,1.2473396201687625,1.1336564935006956,1.2298066607857445,1.1541567020415398
b,0,1948,1.1631781018109704,0.9932179860350975,1.16174798050413,1.3799180183427797,0,Float64,0.05580503138847844,1.2738709787919147,1.0572155090051008,1.2222811295422733,1.1046514880066522,1.2004490911381447,1.1244652444755614
b,0,1953,1.1649286637321365,0.9774165560426755,1.1638214250756134,1.3762773974819305,0,Float64,0.057066882208071656,1.2800323962441953,1.0580678236205294,1.2259319439661014,1.1053261453431202,1.2030932614435956,1.125204276259712
b,0,1958,1.168587366976612,0.9500980667571483,1.1669414034541157,1.3903141546682753,0,Float64,0.06117458533050184,1.2920297353371872,1.0527169682333648,1.2339890454457043,1.1054505489370912,1.2106084276617055,1.1263724746910906
b,0,1963,1.1863546953860094,0.9322032709373579,1.1842974871421883,1.4211744649081448,0,Float64,0.06655692836331303,1.3182836861764289,1.0587727203240729,1.2572948715174448,1.1179109369768372,1.2326938122504751,1.14142097592089
b,0,1968,1.2306512336115452,0.993761645036394,1.2286319255510745,1.4673407778840726,0,Float64,0.06824795070169375,1.3650311690335486,1.0995791551728917,1.3037599019265174,1.160739286987656,1.2778643117386976,1.1835816634088707
b,0,1973,1.2843117503597556,1.0422612188978224,1.2836669932097569,1.5601836965604097,0,Float64,0.0701258244854545,1.4200363580130715,1.1507819920479754,1.3571383357261162,1.212533674247835,1.33269407616545,1.2359100189173562
b,0,1978,1.3523200746164417,1.10715655469137,1.3505959880808351,1.6386979766157295,0,Float64,0.07318661649495667,1.4977633083053215,1.2162881244167243,1.4288332664281875,1.2760602522000057,1.401456081675078,1.300824202098166
b,0,1983,1.391437501079507,1.1472532774886361,1.3896850197197803,1.7514058518403017,0,Float64,0.07640204055387342,1.551193766345357,1.2529301936138453,1.4705546959077804,1.3117526622380473,1.439123735610518,1.3367789815327256
b,0,1988,1.4134258605831398,1.1406156826007317,1.4097130192035492,1.74049167722282,0,Float64,0.07811301175159746,1.5773092752556352,1.2719438736076545,1.4947122339047008,1.332677207683716,1.465612169021161,1.357516009237152
b,0,1993,1.4453568114016964,1.1830995425523643,1.4405609337191976,1.8025069910713054,0,Float64,0.08447588974301755,1.624159566059066,1.2939170513760672,1.5361381059282255,1.35783586833946,1.5003973152882135,1.3860478569616403
b,0,1998,1.4961346715230157,1.1940458140177423,1.4896183519068635,1.8650720930778453,0,Float64,0.09548922124600664,1.695840852373655,1.323831912653999,1.5989958067575136,1.3988465056894333,1.559831564214791,1.4273716392889193
b,0,2003,1.558786993350992,1.2139445972877698,1.5496069093274332,1.9866900232361002,0,Float64,0.11527552682941272,1.7996675908206856,1.3534083885645396,1.6842990488074578,1.4403528555840912,1.6365611422522097,1.4778793187660335
b,0,2008,1.6247560289699672,1.2113238486043791,1.6106686845353209,2.2101550284747256,0,Float64,0.1413117697956238,1.9215101482161925,1.378320141790171,1.777401327629293,1.4805127980950572,1.7164605131790571,1.524815490757823
b,0,2013,1.6977835679483735,1.2179692966140625,1.6822942705345336,2.5433822628377913,0,Float64,0.17444181602319836,2.069637537381633,1.3962568408933627,1.8799804368973179,1.5180451343886867,1.8070652453974168,1.5727082656152964
b,1,2018,1.7986042512876383,1.2049609970823991,1.7768687989801173,3.059461253762626,0,Float64,0.21923798345216433,2.2859193655470738,1.4373296031103044,2.0183842414079107,1.5803229007222142,1.9350990935707562,1.642407589228249
b,1,2023,1.888351546064454,1.1693435176517384,1.854910559602983,3.863386530623027,0,Float64,0.27822710386039434,2.5226054327802543,1.445615499958487,2.1684544654239124,1.6151205578401908,2.049902343495628,1.691722984038511
b,1,2028,1.9850248011626492,1.1082992804091578,1.9333568463601498,4.9744132685134845,0,Float64,0.35166965489703855,2.8077667258861774,1.4486218211249378,2.3308453159960485,1.6494601741031572,2.1763398507412615,1.7385224175244833
b,1,2033,2.08912238681754,0.9554144215656882,2.012650561930716,6.230711664948222,0,Float64,0.4417866315857606,3.1337065947328844,1.4466825936960725,2.5084411758984437,1.6802035107953779,2.315209835306166,1.7831201813477515
b,1,2038,2.2012227165643754,0.8359365435946972,2.0980069912354407,8.361179392378672,0,Float64,0.5510456694622002,3.525214800621715,1.439313740122388,2.704928661789112,1.7050552056879085,2.462559783163596,1.825458172327175
b,1,2043,2.3240858053025324,0.7660966697645881,2.1844212729582475,12.20609419692033,0,Float64,0.6846668463436218,3.999393872403667,1.4266776372646535,2.922934679147404,1.729620608555819,2.625902205012328,1.8652855957948762
b,1,2048,2.4593659654561852,0.6633419198733197,2.272744099045191,16.514465780601927,0,Float64,0.8490671331863486,4.562259174863598,1.406996338142416,3.1651325060807545,1.7514496288741843,2.801141456381053,1.9060225784351332
C,0,1903,76.990085978868,75.74179431010067,77.0011256082525,78.20959410451398,0,Float64,0.36456196621221576,77.67500477617051,76.2696926360111,77.36477685419203,76.61323207345288,77.23885394573253,76.74988174155966
C,0,1908,77.54555151116503,76.46445787403012,77.55248768750893,78.5912181239517,0,Float64,0.2960074587439385,78.13770943322962,76.95591726397139,77.84162391994839,77.24048882484406,77.73474370951577,77.35025678005069
C,0,1913,77.8996538030057,76.71569694201582,77.90080218329301,78.98331437645817,0,Float64,0.31286489462598266,78.51775636305999,77.27092600790016,78.22535096973468,77.5784880454691,78.10518569287778,77.69398491413125
C,0,1918,77.49901919338768,75.82593181697013,77.5002857919164,79.0872826562222,0,Float64,0.36868081399241914,78.19912312422392,76.73668384711527,77.87435251656221,77.12907160746747,77.74971685184587,77.26512883519877
C,0,1923,78.49533272040648,77.47235953394262,78.48940471098685,79.50315511158057,0,Float64,0.2900482030484284,79.07743007639836,77.92096172139468,78.79630556080805,78.20003549013333,78.69552119811678,78.30026168705483
C,0,1928,78.67337886540841,77.76952585283956,78.67141674795292,79.65555159819115,0,Float64,0.28574705433053665,79.23926280484963,78.1138236548484,78.96471392582848,78.38021679586979,78.86095376129131,78.48287584706384
C,0,1933,79.21931025923604,78.19869723827446,79.20836130868696,80.15420246592606,0,Float64,0.2723690725115669,79.76844645478579,78.69694103853222,79.5004529433113,78.94099568442344,79.40589377671348,79.03956148375049
C,0,1938,79.51814537086223,78.57144774072796,79.5158202684753,80.50702848154928,0,Float64,0.2690364629072926,80.05128404892646,79.00097540226966,79.79312465282266,79.23947542269325,79.69640125231538,79.33566035599222
C,0,1943,79.87787474354278,78.91895465258324,79.88190053568395,80.75174677197651,0,Float64,0.25322143451602475,80.36590658641799,79.36816923126509,80.1425479288725,79.61848477927417,80.04670268016254,79.70803101962107
C,0,1948,81.965934239065,81.13971118716859,81.96437159661238,82.82314675944424,0,Float64,0.2502633646426204,82.4571598728856,81.4856489729027,82.22962249298091,81.70865155394547,82.14129979271821,81.79323701455394
C,0,1953,83.2573446703269,82.53542430228572,83.25540976650727,84.05378347385778,0,Float64,0.19483670144148812,83.63469190595346,82.87772316209303,83.45965918500629,83.05635597001125,83.38836522086338,83.1292775083869
C,0,1958,83.69164325260883,82.9135396096185,83.69281590312234,84.42651892850996,0,Float64,0.1993307036243304,84.09095206109872,83.30590701843785,83.89601419945387,83.48871536441474,83.82270949120235,83.558856048084
C,0,1963,83.88892880051858,82.8473700312168,83.88848148924927,84.81029394875434,0,Float64,0.2593154222520216,84.40069517834563,83.37896352508348,84.15216575682703,83.62114158315718,84.06459375579016,83.71978124982998
C,0,1968,84.42140085366442,83.6625056369537,84.42002855197327,85.26366450435266,0,Float64,0.22346427394685758,84.86544010952971,83.98755132826332,84.65614929174157,84.19284617672243,84.57360914018912,84.27125339372667
C,0,1973,84.93074061047786,84.1034171589428,84.93136923610261,85.74510889340362,0,Float64,0.20655085715998803,85.33364651959273,84.5399822487089,85.14496220181118,84.71863157232632,85.06946857698784,84.78871974946826
C,0,1978,86.24717464413244,85.46232973253134,86.24165158054814,87.08634888872538,0,Float64,0.21923862681936102,86.6859473872706,85.82283062079071,86.47749486815317,86.02510517805412,86.39247633357276,86.10434136903983
C,0,1983,86.73907616986214,85.43541217865229,86.73731932580012,87.92927181210212,0,Float64,0.3407072193175751,87.41173883997475,86.0725698148149,87.08680804701015,86.38593064275567,86.96861077865961,86.50412680427004
C,0,1988,87.27231307720352,86.50854149725875,87.27339610903117,88.14665256104108,0,Float64,0.21405304771602948,87.68528294229854,86.85258190358059,87.4942433143747,87.05080240388355,87.41701274838255,87.1313401955197
C,0,1993,88.14601300354347,87.31033893618365,88.1474551758151,88.95991257015348,0,Float64,0.20200293332200683,88.54640335704022,87.75269920563731,88.35528709507459,87.93743647728172,88.2803030390082,88.00772383540846
C,0,1998,89.2607062879345,88.4707483144462,89.26268224306054,90.12438139331616,0,Float64,0.23672600773808883,89.72642264316056,88.78992533357588,89.50095825065063,89.0271096420105,89.42058285769983,89.1032734588419
C,0,2003,90.30246135727484,89.27752964673884,90.30471167357452,91.24347134299465,0,Float64,0.25959970962085577,90.8157946360143,89.81633673646127,90.5664658453404,90.02793204841707,90.484068388161,90.12073847297229
C,0,2008,90.91297006599497,89.79378723038538,90.91146583920266,91.81553298219231,0,Float64,0.26687357387675825,91.45542821896916,90.40344915096584,91.18361016735166,90.63853379363108,91.0861305748356,90.73014741991261
C,0,2013,91.73740667849823,90.90714539063619,91.73514913707257,92.57356607401279,0,Float64,0.23577857502968158,92.20666977331784,91.28226086034361,91.98444080241968,91.48772898395575,91.89731174219902,91.57763359965759
C,1,2018,92.86432749304244,91.89583228232917,92.8602220333436,93.88446455025057,0,Float64,0.2648904590106121,93.39007247702595,92.34874442561481,93.14006304007033,92.59064846892583,93.04524289432905,92.67994041640327
C,1,2023,93.82051637629922,88.44149751778312,93.80790298206949,98.94514413840922,0,Float64,1.1095760894188413,96.05420491349484,91.66295996759214,94.93358451504636,92.70239695291046,94.53242826642689,93.09150464819939
C,1,2028,94.78903496986645,85.95680482781725,94.75894391055539,105.13776810077157,0,Float64,1.9028256756029054,98.6564282228155,91.0914616804028,96.69025963797614,92.88832905920447,95.99352577697542,93.54561692979429
C,1,2033,95.7782649230892,79.3780452006735,95.7229148726737,112.26752734626093,0,Float64,2.7828234693867944,101.48529299435117,90.43222631364421,98.52008079962634,93.01872986064348,97.52466276907067,93.96709914310591
C,1,2038,96.78841689419201,74.06609087585207,96.68821144876752,120.35302181767818,0,Float64,3.7531997242747566,104.6360048618262,89.64233860105657,100.45361161543491,93.09748069616471,99.07934739063775,94.37102871582782
C,1,2043,97.81827193624329,69.34749050217754,97.66540212210668,130.91462960306987,0,Float64,4.822806383324783,107.91622350380675,88.69690894295988,102.50144978069693,93.12079508666748,100.7429063061167,94.7405729131561
C,1,2048,98.87062194257233,61.81683738406966,98.6607838885092,140.57889979737547,0,Float64,5.996991657793901,111.54190226467476,87.60388210709797,104.62658953620071,93.04993719246875,102.465413294275,95.02717732905094
c,0,1903,0.07700877496765458,0.07244705747288244,0.07701161731824653,0.08082864133343172,0,Float64,0.0011654567493068668,0.07925892959460984,0.07466110368069276,0.0782246540666339,0.07580436525760627,0.07781364151993657,0.07621950732560434
c,0,1908,0.07647815547295438,0.07300090931790655,0.07646195727664631,0.07980218237513778,0,Float64,0.0009792416046992176,0.07847942110905097,0.07458254192370711,0.07750040197160081,0.07546223225553947,0.07713163627275153,0.07581615102786654
c,0,1913,0.07756358937019943,0.07400060012290328,0.07756099851923973,0.08286801537837866,0,Float64,0.00101608132769457,0.07961692178497323,0.07557327157474442,0.07859160720200467,0.07651818448393857,0.07821303676859719,0.07689408006583096
c,0,1918,0.0797103816010461,0.07501684292027297,0.07971721132694776,0.08460027774367147,0,Float64,0.0012042456308524274,0.08206123849884164,0.07732334315122479,0.0809401655472188,0.07843641845247261,0.08049793174046475,0.07889749226198962
c,0,1923,0.08199138108788229,0.07814234353863476,0.08199010448930037,0.08603239272082264,0,Float64,0.0010336986113024611,0.08402009745136627,0.0799491917209589,0.08307234460433922,0.08092904029261351,0.08267290366606775,0.08129060373975935
c,0,1928,0.08334815272744708,0.0798965060195381,0.08333387795379145,0.0885225451472667,0,Float64,0.001072445956637344,0.08551433825272947,0.08126407992267219,0.08445399180592017,0.08225175081375409,0.0840395141626576,0.08264384575853397
c,0,1933,0.08439528939830146,0.08098626455761844,0.08439104546485815,0.08859453944163463,0,Float64,0.0010335043026987146,0.08637290030615419,0.08242044672727815,0.08549061199759583,0.08330979165630645,0.08508994131802307,0.08367140572551265
c,0,1938,0.08532703231367444,0.08181529564694497,0.08532407007279513,0.08926461214476436,0,Float64,0.0010340133620787046,0.08734646783252963,0.0833077741658562,0.08640844357115086,0.0842732054182056,0.08602643801577763,0.08462532660858321
c,0,1943,0.08813374874734495,0.08477661219481498,0.08817313648681266,0.09195468899686757,0,Float64,0.0009565635991112115,0.08997973438342617,0.08628205426333116,0.08910204315591842,0.08712711003914236,0.08876492535230668,0.08747454920836882
c,0,1948,0.09355679546392476,0.08993571037462567,0.09356761344361822,0.09784234410102383,0,Float64,0.0010777846667015757,0.09570295331821127,0.0914429566971179,0.09465083080605685,0.09242119780490601,0.09428095306903832,0.09282436019915305
c,0,1953,0.09877452232467894,0.09583055289414917,0.09874489599662609,0.10215404623556615,0,Float64,0.0008791075103044763,0.10049569745170141,0.09710297558452972,0.09969302259202213,0.09788457525716862,0.09936559297487056,0.09817245869730704
c,0,1958,0.10157023448611473,0.09824866755163471,0.1015596184147356,0.1055368582320963,0,Float64,0.0009755813458228425,0.10348538476244283,0.09966080164225026,0.10258224173290162,0.10056467912823464,0.10221687002630393,0.10089997721662551
c,0,1963,0.09963972785005808,0.09558522704100254,0.09963234485889853,0.10418855166350055,0,Float64,0.001223376934335709,0.10202423989541307,0.09713879553431423,0.10087512270489696,0.09837754947025054,0.10047386279376017,0.09882037889669383
c,0,1968,0.1033392663929927,0.09976455141827674,0.10335039185384648,0.10702777035073069,0,Float64,0.0010535220319844915,0.10535810177363192,0.10129418994523132,0.10442516134118074,0.10222635022934616,0.10407716837465639,0.10262415395513308
c,0,1973,0.10382100997743099,0.09989850407399077,0.10382089060782629,0.10786679392589821,0,Float64,0.001041822552664969,0.10584218500302782,0.10166493996736016,0.104890176520923,0.10276594289984352,0.10451416407691304,0.10314726438061915
c,0,1978,0.09854612896556407,0.0945441894314341,0.0985436983535446,0.1021788865099692,0,Float64,0.0010109180474139419,0.10053511176801978,0.096542367764565,0.09956599062774797,0.09749079684072992,0.09923523666424587,0.09787037867551825
c,0,1983,0.10287207018392965,0.0979442229223629,0.10285517498125674,0.10967619923009844,0,Float64,0.0014332240103793992,0.10574252940994142,0.10010189796739771,0.10434161060060426,0.10140605325168175,0.10381423267414205,0.10194008019822512
c,0,1988,0.1050028699961111,0.10144578528761627,0.10498116431714771,0.10920911860137057,0,Float64,0.0010291038715855177,0.10706179864736202,0.10301545900888409,0.10606435960973487,0.10394712645828391,0.10568802203109072,0.1043011562167482
c,0,1993,0.10573632957463057,0.10241785146533236,0.10574301057929406,0.10987387458753393,0,Float64,0.0009827815338238107,0.10770354940089943,0.10377297005088011,0.10672113466537285,0.10472816429056511,0.10637627215324753,0.10509920382992385
c,0,1998,0.10395670029355569,0.10005113178425323,0.1039506683793893,0.10794564022810275,0,Float64,0.0010402894602375182,0.1060324638568388,0.1019796336970573,0.10502670098382438,0.10288324449195166,0.10465186361296058,0.10323847632940655
c,0,2003,0.10293336694122578,0.09917113198553254,0.10294592913582126,0.1072538898131761,0,Float64,0.0011136340362619664,0.10507691559877196,0.10072800637298072,0.10408467364202535,0.10176699409273067,0.10367160205359158,0.10219622175411514
c,0,2008,0.10318021104972405,0.09905280393206442,0.10321418634013493,0.10783362294817084,0,Float64,0.0012258872273632605,0.10554182709621113,0.10074713786323575,0.10445180780365124,0.10188832155655526,0.10399264897227865,0.10235554312559182
c,0,2013,0.10610093730512439,0.10246044760074266,0.10612098974306847,0.11017611912180286,0,Float64,0.0010390580121406308,0.10815990845080184,0.10410855032353186,0.10717973395286891,0.10500831177591993,0.10678060465119953,0.10538120580455196
c,1,2018,0.10400265434965647,0.09953416471883285,0.104012420094663,0.10826074636701312,0,Float64,0.0011420072636042838,0.10627983140881259,0.10183932971643775,0.10516600629174556,0.10283234992989605,0.10476981017772673,0.10321548589288121
c,1,2023,0.10421928895256741,0.08756428387451755,0.10417597760905303,0.1255384642821592,0,Float64,0.003853123559608062,0.11196628728814423,0.09671626378742855,0.10811336794953284,0.10033325049282561,0.10670203272321077,0.10168985916359415
c,1,2028,0.10449094176185467,0.07760208620190086,0.10438422034227912,0.13524413246407255,0,Float64,0.006027305954167937,0.1166917940451035,0.09294350670591042,0.11052795239969439,0.09844632380243298,0.10830866369565945,0.10053942507593944
c,1,2033,0.10479992501845656,0.06496070932606682,0.10463796470887286,0.16440510419394166,0,Float64,0.008260199447646954,0.12172328268900831,0.08903044397879807,0.112981792562806,0.09655584600204235,0.10992610093641958,0.09938559089859828
c,1,2038,0.10516303158973911,0.053202473034518874,0.10485212130674826,0.18698286794001,0,Float64,0.01061169012344125,0.1271511893628141,0.08509128211945019,0.11557732336182637,0.09471459925380027,0.11162035164465513,0.09829360316223423
c,1,2043,0.10557088750310689,0.04545077243199913,0.10509268736287485,0.24992142669432596,0,Float64,0.013108064703926574,0.13306375366062156,0.08096686141555633,0.11829185321952354,0.0926975127482247,0.1133969902866301,0.09711469315406791
c,1,2048,0.1061061970848574,0.03728612990806624,0.10542072747531904,0.3316276834720606,0,Float64,0.015816944158090995,0.13976934425670287,0.07706017161294008,0.12112677812037656,0.09083680012414971,0.11534032821545043,0.09590970280135942
d,0,1903,0.0017651385015364685,0.0013893781346185807,0.001763603861261486,0.0021489190574405844,0,Float64,0.00011260856331238475,0.001987569126037874,0.0015345264689065235,0.001881007704309715,0.001649298931188508,0.0018387492766443042,0.001692357126551862
d,0,1908,0.0015819006757616387,0.0012623405797771688,0.0015824022221375767,0.001885463369317673,0,Float64,9.24749054321886e-5,0.0017598195619971345,0.0013994026930892129,0.001682345177639738,0.0014863722959064538,0.0016458243134930444,0.0015180807896672042
d,0,1913,0.0013921623963354726,0.0010612807063102702,0.0013882626401167653,0.0017245806690412361,0,Float64,8.963132164642702e-5,0.0015732918231916983,0.0012275492487443392,0.001488554126927914,0.001300630490103869,0.0014510555407676018,0.0013314467978238998
d,0,1918,0.001880695760864831,0.001448414148250775,0.0018809328285280958,0.0024889511100139204,0,Float64,0.00012984579387750252,0.0021483113866750192,0.0016302631438549963,0.00201137513297675,0.001747416724681773,0.001966609919750068,0.0017893708516441634
d,0,1923,0.0012979664645342563,0.0010442823914495018,0.0012982099751825777,0.0015701108359566297,0,Float64,7.538889132405572e-5,0.0014461090603508373,0.0011539225047121563,0.0013782852141914078,0.001218786489452662,0.0013485961152476446,0.0012445485883027477
d,0,1928,0.0011093091988617415,0.0008831887937412063,0.0011072467825609706,0.0013616864272870534,0,Float64,6.904072770140099e-5,0.001250410822810742,0.0009776144741344493,0.0011810991834181306,0.001038282212716214,0.0011525701207132728,0.0010626215189159646
d,0,1933,0.0008439111114309569,0.0006547604834035909,0.0008435515233546197,0.0010577471944242442,0,Float64,5.78629485227935e-5,0.0009600199669770223,0.0007322330285157925,0.0009052178466735034,0.000784018905915221,0.0008844230371895612,0.0008036131284608085
d,0,1938,0.0007667602587362886,0.0005728465705270492,0.0007668230213208256,0.0009374796607185353,0,Float64,5.090373304872922e-5,0.0008669423187762273,0.0006696296846127041,0.000820075909008557,0.0007142064934548246,0.0008010292568795068,0.0007316971603392578
d,0,1943,0.000641391893086894,0.000489632751454373,0.0006395685018052871,0.0007988723726673939,0,Float64,3.966851999518865e-5,0.0007238382411788052,0.000566834955854239,0.0006818849437308836,0.0006010894163410619,0.0006673968605307455,0.0006152802876496255
d,0,1948,0.000573322225874506,0.0004547179109233036,0.0005721833288743763,0.0007169022771240912,0,Float64,3.610972778520135e-5,0.0006480733436333066,0.000507829951574785,0.0006106943690783572,0.0005360265074552943,0.0005968495261392723,0.0005485688964403867
d,0,1953,0.0003219456643976777,0.00025577872658223515,0.00032176199498102015,0.00038523544428121104,0,Float64,1.7527809903182703e-5,0.0003580558084351583,0.0002884955282835835,0.00033968125116238125,0.0003038577397822992,0.00033350884193023396,0.00031036815926528357
d,0,1958,0.0002429894528465855,0.00019766303884377658,0.00024277648307740538,0.0002927930251639096,0,Float64,1.4652117316040618e-5,0.00027167245111929517,0.0002148557300811991,0.00025865684381604635,0.0002278758507847472,0.0002528018706556937,0.0002327843344315175
d,0,1963,0.00020293024355444366,0.0001298457326879136,0.000202603471044782,0.00026082925092135945,0,Float64,1.7045211648647434e-5,0.00023744840654783532,0.00017061953782263755,0.0002203568577496642,0.000185618757258691,0.00021386962034001308,0.00019169514531967407
d,0,1968,0.00021064857186640104,0.00016423872187345853,0.000210530013757224,0.0002575169111430549,0,Float64,1.3222595159077986e-5,0.00023678898617944934,0.0001856405940829167,0.0002244943311316915,0.00019702188054574667,0.00021968199617799442,0.00020161112847551376
d,0,1973,0.00020908449650205367,0.00016923917404124556,0.00020886986920038624,0.00026115226007092016,0,Float64,1.2239447526302794e-5,0.00023390470214027352,0.00018576001797839168,0.0002216109120264354,0.00019635000569918117,0.00021713073800076106,0.00020102556075657038
d,0,1978,0.00013559559908245608,0.00010063004375495477,0.0001353667431081963,0.00017513524542329628,0,Float64,9.807316027383348e-6,0.0001555030804916459,0.00011686265717478511,0.00014582111025924696,0.00012525800107450024,0.00014254481061138643,0.0001288848954878558
d,0,1983,0.00012312682946018892,7.37768000721719e-5,0.00012313573558084116,0.00016826455931932247,0,Float64,1.234121397555789e-5,0.0001474930898151226,9.93363358752338e-5,0.00013626870886339243,0.00011085978448984932,0.00013116629737240496,0.0001148700968904143
d,0,1988,0.00013490304813956391,0.0001050411245092981,0.0001347109533327106,0.00016668484967315958,0,Float64,8.629850732668354e-6,0.00015264466158659737,0.00011826096994746757,0.00014371677938079412,0.00012604608148822407,0.0001404205190938316,0.0001289428666737396
d,0,1993,0.0001331172954982658,0.00010796870836317687,0.0001330199588543533,0.00016689443001232157,0,Float64,7.689377115401871e-6,0.00014806663423849115,0.00011847362736129356,0.0001411301054267502,0.0001251998264129869,0.00013850639206297997,0.00012788275670341177
d,0,1998,0.00011382848673822118,9.113865709306028e-5,0.00011378504626130651,0.00014171504121851704,0,Float64,7.365350742571286e-6,0.00012887146535446326,9.948111735681118e-5,0.00012132299633201196,0.00010624942451066488,0.00011853012437457427,0.00010891832328430273
d,0,2003,9.86728208551622e-5,6.772374301470672e-5,9.851702904759552e-5,0.0001299512710498718,0,Float64,7.540628782214915e-6,0.00011432673004646408,8.465800797353436e-5,0.0001064649192212966,9.090399853961812e-5,0.00010335200059784482,9.356554832727569e-5
d,0,2008,8.980430912685975e-5,6.420931196489431e-5,8.961671446189441e-5,0.00012123731354242974,0,Float64,7.5464622375231206e-6,0.00010519290515319215,7.584189255325035e-5,9.778545662633677e-5,8.197088287722654e-5,9.460853548761946e-5,8.460107187335282e-5
d,0,2013,7.697449066511617e-5,5.881469823262779e-5,7.679369043925146e-5,9.742772531012269e-5,0,Float64,4.961883168109881e-6,8.692418095743782e-5,6.775485351206569e-5,8.210417122243154e-5,7.180038194356248e-5,8.03284555366963e-5,7.354484668757968e-5
d,1,2018,6.899591770984694e-5,5.230159087152269e-5,6.90019610935375e-5,8.841023117404317e-5,0,Float64,5.034957622571344e-6,7.92393353419302e-5,5.9165733044749725e-5,7.416319093213783e-5,6.395440809385945e-5,7.229806326379782e-5,6.550348499670131e-5
d,1,2023,6.46733438292698e-5,2.0768888971327708e-5,6.282680889374713e-5,0.00020645265393967973,0,Float64,1.565978577174847e-5,0.00010062059870976751,3.937091393010807e-5,7.986124871152376e-5,4.948360691780945e-5,7.342292622989065e-5,5.3855104043980285e-5
d,1,2028,6.097490992913713e-5,1.1882267742491612e-5,5.722305986993142e-5,0.000522883207292314,0,Float64,2.2416410122300744e-5,0.00011472736863138711,2.876199478099226e-5,8.16606546094547e-5,4.03082943599924e-5,7.211450360920041e-5,4.5610758704375535e-5
d,1,2033,5.8076066225964976e-5,6.625811638365829e-6,5.233070344756283e-5,0.0010343543364136605,0,Float64,2.912876953531353e-5,0.0001286276817132031,2.134707381253542e-5,8.235825733537308e-5,3.316451008634648e-5,7.019439306188987e-5,3.9013595655691655e-5
d,1,2038,5.58077311539507e-5,3.2523698783315196e-6,4.7730053280857217e-5,0.0019476481857729731,0,Float64,3.7114061991131884e-5,0.00014260878671924337,1.6114873525235817e-5,8.280642494523821e-5,2.7433248544294632e-5,6.80335943339907e-5,3.354122479724709e-5
d,1,2043,5.429238568815375e-5,1.605579386170106e-6,4.3565174991417766e-5,0.006477838137563793,0,Float64,5.76868193886324e-5,0.00015762512152014984,1.2165274448013535e-5,8.319468150341506e-5,2.2812359340042342e-5,6.621357637772281e-5,2.876444330702542e-5
d,1,2048,5.3817341073196355e-5,7.675310624736306e-7,3.982890217846235e-5,0.02282417711286981,0,Float64,0.0001328015965990378,0.00017386102244704263,9.053507754420533e-6,8.277461484984212e-5,1.8933427055765032e-5,6.412666380914765e-5,2.4816649347551655e-5
σ,0,1903,0.03455988033425152,0.022339728697124257,0.03424628753173623,0.05402876417344949,0,Float64,0.004331093852151907,0.043970332840811255,0.026899595748091264,0.038937467346458254,0.030211737137606404,0.03718111304620916,0.03153024702492193
σ,0,1908,0.03165565735047056,0.019282792021560285,0.031279694891347576,0.05221434187518942,0,Float64,0.004066456756133125,0.04059699538434783,0.024720021969404114,0.03585924064767759,0.02764888707473427,0.03408901972231175,0.028898085636812145
σ,0,1913,0.04010540759367249,0.026073756098954782,0.03968167538489668,0.06161810213784086,0,Float64,0.005213389140041236,0.05139809301972085,0.031095471900849374,0.045677504165587066,0.034642127508594266,0.04341460844432151,0.036437559206920975
σ,0,1918,0.05582020779824895,0.03562642660294764,0.0552221303505687,0.0867930271992303,0,Float64,0.007128173078998888,0.0713581613617424,0.04358227993715451,0.0631852949823717,0.048710656330748156,0.060019303976372444,0.05071182616677418
σ,0,1923,0.03924344783854259,0.024488018255281147,0.03889969392178068,0.06111753209240704,0,Float64,0.005160363140947715,0.050622142811208484,0.030376438232445697,0.044500825649880255,0.03408642568493474,0.04225970116147948,0.03570256555490757
σ,0,1928,0.04156444362150076,0.028221221525176424,0.04133450026557389,0.06412095421962409,0,Float64,0.005204407117754831,0.052735538379680244,0.03255755648064238,0.046912748085942785,0.036070916596146065,0.04478664542907801,0.0378786960813114
σ,0,1933,0.04262974749395587,0.027379714117239343,0.04216666436637628,0.07564622442400182,0,Float64,0.005544840239015681,0.05481591527881921,0.03340713060523638,0.04848251196666791,0.036921877032578786,0.04599694011279025,0.038657372683521936
σ,0,1938,0.04013354096132928,0.026164248558020155,0.03966551438038095,0.06641373560873119,0,Float64,0.005173893909109675,0.051485286095717786,0.031175037214880248,0.04547262544503147,0.03500080714710175,0.04328697641627043,0.03644987569645948
σ,0,1943,0.03550383989914392,0.022832412492268445,0.035152656718942014,0.05360508950508887,0,Float64,0.0045170833492686035,0.04549596936072086,0.02787405890778003,0.04032044493049092,0.030822360489126534,0.0383470128087953,0.03223828807072259
σ,0,1948,0.040585404086731,0.026098410988044177,0.04022169481571447,0.07021997855490035,0,Float64,0.005148986869438003,0.05174121946442336,0.031683380206136535,0.04589025777406526,0.03519782793556725,0.043793883348410535,0.03696094278778672
σ,0,1953,0.029237619548020986,0.01831544215256269,0.02889582346711973,0.04583597113106506,0,Float64,0.0038426007317403825,0.037637152811028717,0.022716689686173023,0.03321262849260171,0.025379973671291658,0.03152549575970977,0.026545377019854505
σ,0,1958,0.035509256122212667,0.02216811407130954,0.03523498001555156,0.06766687500202394,0,Float64,0.0046470389329153336,0.045616540776244545,0.027362495249574823,0.04030315099067829,0.030831724636006096,0.038267410209855614,0.032280754043497596
σ,0,1963,0.06660493156314463,0.0422656828743669,0.06605110065731132,0.11798291963601806,0,Float64,0.00873068228059876,0.08637672959371598,0.0513746307307998,0.07516607074150083,0.05765975352003041,0.07186957724968454,0.06051361203014393
σ,0,1968,0.04542907292651459,0.030680005044942216,0.04495954665286322,0.07312462941992501,0,Float64,0.0056578520931139815,0.05788166647808201,0.035563833784116775,0.0513221102942568,0.039572296495177635,0.04894965435863248,0.04143819688077485
σ,0,1973,0.03797209183850484,0.024882340896436768,0.037608657214612914,0.06437591682294834,0,Float64,0.004954262877982408,0.048701069648445464,0.029253383522064438,0.04313259922168648,0.03294886899601867,0.041045793186396784,0.034437741892801965
σ,0,1978,0.03784027750262542,0.02205734143238654,0.037489909980972985,0.05906842240852654,0,Float64,0.005476224331838827,0.04958136791510593,0.028328564957398845,0.043656296885906755,0.032332974980003246,0.04125662721425579,0.03388865303927696
σ,0,1983,0.1479318700036975,0.09539467697443406,0.1456415023777809,0.23223409768954223,0,Float64,0.019492823348284363,0.18994074437444022,0.11530141371533803,0.16874905855905092,0.12838996703012795,0.16016438314869036,0.13445705554375997
σ,0,1988,0.04335621513420047,0.025711067249492688,0.042933740825994604,0.07326640875571236,0,Float64,0.006088351807189145,0.05653132612620857,0.03295976945930219,0.0498312365948842,0.03721143260196585,0.047206782063273826,0.03876145703322781
σ,0,1993,0.036998632189805154,0.024142810252713417,0.0365901314767398,0.057604193213794216,0,Float64,0.004886929128036746,0.047473605047498854,0.02883648573934182,0.04231160838224614,0.032063499729933526,0.040132658981814034,0.03336190870219131
σ,0,1998,0.04328633370301961,0.02866982420818163,0.042703144965922105,0.06849359413625927,0,Float64,0.005552811498560256,0.055377472279783756,0.03363160056658959,0.049325635953091855,0.037737182463965915,0.046725524746522425,0.03941868971004013
σ,0,2003,0.055260993267538444,0.03571389188146458,0.054589037811715285,0.08938325982850555,0,Float64,0.007280547245266013,0.07107885806915652,0.042745800983472734,0.06280848420729877,0.047916279629976216,0.05980594820064286,0.05021627805395231
σ,0,2008,0.07143337944970972,0.04820152635177705,0.07068976496563625,0.11992281638072634,0,Float64,0.009398524492980675,0.0918935291207616,0.055241500624155775,0.08110591919676322,0.06186331127149644,0.0771871905285331,0.06484557401528612
σ,0,2013,0.04575610661168354,0.02894294518544918,0.04527677050119041,0.07007303853497258,0,Float64,0.005847739877790738,0.05872811017363647,0.035682141061180755,0.05157870093187721,0.03971905747304975,0.04928242602690085,0.04159619614827401
σ,1,2018,0.04926449259908935,0.028551489431041216,0.04858389715285589,0.08495052030188317,0,Float64,0.006889285227478289,0.06395740594359027,0.03771777922093394,0.05630706731921166,0.04252593219941199,0.05333123737567832,0.04438552802171704
σ,1,2023,0.050732052919202,0.011539581211408634,0.04905367634905651,0.1665551868094645,0,Float64,0.013522698743959121,0.0818983262779053,0.029218370641258738,0.06393667752553099,0.03763527908196226,0.058195814877888774,0.04125143159998377
σ,1,2028,0.05248237231844072,0.008772874500138162,0.04933357472185916,0.3182993879096809,0,Float64,0.01953011544313633,0.09988393164624305,0.024237070785337822,0.07045395917196634,0.03444224983865162,0.06183613570158458,0.039053990716209935
σ,1,2033,0.05461745442972974,0.0049680340316536065,0.04947627094569097,0.6005028470588303,0,Float64,0.026467770372658354,0.11933808836230127,0.020490847931518664,0.07675948407221952,0.03188701110064752,0.06564788514932829,0.037199290075393125
σ,1,2038,0.05709592238685444,0.00255950979907152,0.04946690779373598,1.2892082796222284,0,Float64,0.035380062088000264,0.1409307892305538,0.017637876071755862,0.08322362260717206,0.029575697776484725,0.06939200340899572,0.0355141375647474
σ,1,2043,0.06023025762014858,0.0010537703157471301,0.049645832736744056,2.8646059345333934,0,Float64,0.048487477982107126,0.16634808660059908,0.015103141059198022,0.09030047937663083,0.027603020017015523,0.07279126943054541,0.03391375573026352
σ,1,2048,0.06426361871147679,0.0004940659808160359,0.049598935634979885,7.483193456249681,0,Float64,0.0770798631679712,0.19870008316971144,0.012920530877675104,0.09776645647380708,0.025518909642838688,0.07640577668659929,0.0324536352162523
σ_B,0,0,0.017736741893429244,0.004734227309737478,0.016089559690641866,0.06422006523814408,0,Float64,0.007774380759740779,0.03714892283169604,0.006968122351426055,0.02512793208345507,0.010471158127224236,0.021740201103555,0.012286766903709466
σ_b,0,0,0.02145758247438532,0.00449745839859668,0.01993399453998931,0.08179231954072695,0,Float64,0.009319978854831516,0.04294691531476141,0.008273785012641269,0.03114897729833475,0.012094288399349572,0.026779292599022984,0.01443295702324574
σ_C,0,0,0.00824427927690715,0.0030992162902527343,0.008019025934403564,0.018679755261884843,0,Float64,0.001947024608375313,0.012670386913362962,0.0050230933252231914,0.010140628191012569,0.006333784066358802,0.009430394556403553,0.00689566116039217
σ_c,0,0,0.028895478676541825,0.008414441153038557,0.02841332088599359,0.0820235725335137,0,Float64,0.006498779438572406,0.042804771757954545,0.017690259953365314,0.03521184244229326,0.02246660480699616,0.03256329450031742,0.024514644297447385
σ_d,0,0,0.20314971335989954,0.09736542978909786,0.20098796792945978,0.4081896214843928,0,Float64,0.04214004131066839,0.2994731905356176,0.13075173929274575,0.24490469040993815,0.1604878983254767,0.22726138870875623,0.17372155604322026
σ_σ,0,0,0.48554484991001157,0.2522712469780889,0.477474473467837,0.9841473094959516,0,Float64,0.09031013670085512,0.6853852798345432,0.3327810470407216,0.5757777620688427,0.39510812960345415,0.5387662917942624,0.42154079450383364
σ_αB,0,0,0.01057242170184708,0.0014539921807936156,0.009244527402068829,0.06093497154511962,0,Float64,0.005606679973566546,0.0249883471144701,0.003489924165218243,0.01573744410904931,0.005547624005904656,0.013203972180967062,0.006755610782404553
σ_αb,0,0,0.012027037594433855,0.002266274917214902,0.010684699037293265,0.05143441451387305,0,Float64,0.006100785184528144,0.02691549003308042,0.0039241375124068854,0.018112530383415783,0.006368372626240829,0.01515367101853696,0.0076600143063391005
σ_αC,0,0,0.004465100232630372,0.0013430555956076506,0.004229250503434772,0.014535884562641167,0,Float64,0.0016180504723850289,0.008367340208170105,0.0021278232475969933,0.006002382903104441,0.0029054514581356807,0.0052845707278341226,0.0033000138506020767
σ_αc,0,0,0.008743712111895398,0.0018078977308281427,0.0077452092887278995,0.04079317699777272,0,Float64,0.00455367820774978,0.020454451196221017,0.003198555446573208,0.012936407252364735,0.004685512856117643,0.010720251124182355,0.005524653597425897
σ_αd,0,0,0.026315139037204095,0.0030830472245653028,0.0215009673004017,0.1628268247864841,0,Float64,0.018682855103067875,0.0764089698418564,0.005547587123569669,0.04272032482064551,0.010649761038457963,0.03262775520177326,0.013686948519712349
σ_ασ,0,0,0.014244215108345662,0.002770266263627384,0.010654217786917799,0.09773585551608541,0,Float64,0.011186552397054383,0.04635998870835427,0.004046790507013359,0.02254450236086539,0.005951552471770737,0.016987795377445623,0.007197135699338211
α_B,0,1908,0.025167251718093645,-0.03010647394312832,0.0252568837094917,0.07175630872424317,0,Float64,0.013464534443204036,0.05138033380610808,-0.002200449696423297,0.03893948494291703,0.011728832291121063,0.034243580523045006,0.016630657629563627
α_B,0,1913,0.03148380687522417,-0.028038054259597326,0.03094255311041798,0.09369467270061786,0,Float64,0.013807252011099112,0.06006601444232765,0.005405925677384801,0.045352182444126955,0.01793075971026467,0.04036325510505018,0.022318219559996168
α_B,0,1918,0.034609966425541296,-0.017764349213973168,0.03367214945900317,0.10760120836835564,0,Float64,0.01414586783420581,0.06431774908621063,0.009086555312244273,0.0487426864499291,0.02039481905329138,0.04336637456970563,0.02528702789826981
α_B,0,1923,0.03711997773002443,-0.014517133827624993,0.036111383790142226,0.1064421834101947,0,Float64,0.014848205658597794,0.07065051059121392,0.01137974108186087,0.051912008762929895,0.022736415736443465,0.04594775462222118,0.027009272869723478
α_B,0,1928,0.03785257225872609,-0.006897987505936233,0.036206004163855575,0.12366878403206957,0,Float64,0.015034294605435495,0.07177714101161524,0.011711388053808766,0.053282063886710536,0.023041471005719148,0.04677569703785313,0.02766035980940907
α_B,0,1933,0.036776132541360126,-0.015844961166749653,0.035427663193968215,0.11126957075638154,0,Float64,0.01492779052861822,0.06916520035664002,0.011230131394798877,0.051692314308824844,0.02210781038426403,0.045541817151841094,0.026746312981243667
α_B,0,1938,0.03414312641479695,-0.03938797734282877,0.03306104676169794,0.11138202332826676,0,Float64,0.014478591911720063,0.06579297716289757,0.007863189642472028,0.048453492817291145,0.020424498171783184,0.042799013530548116,0.024463895510612323
α_B,0,1943,0.0315784750529343,-0.05525912405305606,0.031045238877803825,0.10834671118619915,0,Float64,0.013955678926682988,0.060406637126371,0.005729971433900862,0.04556399534630201,0.01807020793839739,0.03994707071778155,0.02234594050037874
α_B,0,1948,0.03038496141245125,-0.03882086486200346,0.029223457784706246,0.1057941460112801,0,Float64,0.013993949050858493,0.060430773450227224,0.004752608452329957,0.04403263678340402,0.017269698983873146,0.03888818818799009,0.02163435961582293
α_B,0,1953,0.030790599587211958,-0.03294597178675484,0.02939725152430904,0.09943230581345619,0,Float64,0.014381505026269172,0.06432973781249925,0.0057660664122292545,0.04423627229415041,0.01749182453907018,0.03854034340539795,0.021730665764165165
α_B,0,1958,0.028203689364873625,-0.039274036668513757,0.027227691778573232,0.10344188477004676,0,Float64,0.014215259919977685,0.06078591742565057,0.0033210336336729125,0.04129005382998655,0.014711644911598163,0.03622038494862861,0.01905809793948909
α_B,0,1963,0.024799298358193073,-0.03212849548531267,0.024526861524014697,0.09116454289255196,0,Float64,0.01322942041426894,0.052855735032812025,-0.0006990218206632555,0.03729138725448299,0.01215420291824687,0.03251809313947621,0.01679844415269671
α_B,0,1968,0.021782368917033588,-0.03803479241453003,0.021861754366804535,0.09459015493021632,0,Float64,0.013477638730293857,0.04850016885048148,-0.004735804767338999,0.03450448263059027,0.009061965518945884,0.029759627608002843,0.013525432282186263
α_B,0,1973,0.017298847804014823,-0.05920744515273308,0.017809436279270452,0.083383130484526,0,Float64,0.013601590569198851,0.04328028292116737,-0.01145160527052689,0.03020145632766943,0.004266096650125955,0.02618857325228093,0.008873878753711312
α_B,0,1978,0.01289243436538513,-0.06057410648237011,0.013902586089386354,0.06322002810563039,0,Float64,0.013688027051851357,0.03810773116837453,-0.015273254938383017,0.025930398431924535,-0.0008821541904278198,0.0218865403886654,0.004412272910149791
α_B,0,1983,0.006518350595388547,-0.06986594940770491,0.007448935541511322,0.06232028453120975,0,Float64,0.014796950839582617,0.03263230524168841,-0.025108066312569427,0.021117397936577346,-0.008463725601968246,0.016466961350275627,-0.0026025315444248268
α_B,0,1988,0.0012247984202333178,-0.08279776618730318,0.0030204060924460055,0.054559101269407974,0,Float64,0.01693447817868693,0.029563165973515524,-0.03708085982349768,0.01783167901780183,-0.015296820694530104,0.012794076961615547,-0.008393069324726245
α_B,0,1993,-0.001355230231376278,-0.08392313985421247,0.0005228652151543784,0.05429861295662786,0,Float64,0.018270564783202624,0.029560519165700596,-0.04267836002245456,0.01691007169736113,-0.01970967560626615,0.010870426713284325,-0.012475421594361605
α_B,0,1998,-0.002291022234070166,-0.08823312543295599,-0.000654161526603445,0.06068948573934116,0,Float64,0.01856800478210849,0.02916970718659369,-0.043888005593993744,0.016115243393668453,-0.02090108579132124,0.010964832271606129,-0.014053105813111042
α_B,0,2003,-0.0031472128396118084,-0.10342515477813767,-0.0011883098910076373,0.06693745045978616,0,Float64,0.019954372894817028,0.030450420886499935,-0.04831589587107304,0.015859163268500814,-0.023006734312538128,0.011036964642007305,-0.01472682984707417
α_B,0,2008,-0.004333243917299346,-0.10827051293897494,-0.002270314959097992,0.0761819678873308,0,Float64,0.021528450109703064,0.03183560200947592,-0.05186227657998179,0.016385758474134236,-0.02599558230407027,0.01091822682553549,-0.016958035138924014
α_B,0,2013,-0.004091292598310874,-0.13093839018115838,-0.0017674574810220163,0.08847447925419792,0,Float64,0.022820501141727602,0.0352383902517359,-0.05501520931048676,0.018080078652617862,-0.026620998425093745,0.011555504953632527,-0.017516364522202326
α_B,1,2018,-0.0029795411427350747,-0.14775825320856797,-0.000626441335334751,0.08710930744674773,0,Float64,0.02441957408605899,0.039609373286912976,-0.05806694940841806,0.0207232830256132,-0.0274416005324273,0.013562797428487315,-0.01720505563965883
α_B,1,2023,-0.0029504858790251,-0.19298261374682435,-0.0002857309328779678,0.13132791250167633,0,Float64,0.027169820397200027,0.044039570530743255,-0.06378189750771135,0.02269226806668478,-0.029551233263039076,0.01500116253102791,-0.018423864275313846
α_B,1,2028,-0.002962967702570702,-0.22295939192921774,-0.00023906743780578634,0.14898143724882912,0,Float64,0.029611062967349278,0.04862805367649284,-0.06934627026367747,0.02465140396629867,-0.03151494552757015,0.01620656560626651,-0.019480838007184892
α_B,1,2033,-0.0029498084059483825,-0.27532252793618694,1.9810482070248617e-5,0.17945918173340542,0,Float64,0.031861067589051544,0.05264593953851584,-0.07429224860231033,0.026389296995102736,-0.03319223400039227,0.017180628504689245,-0.020148509177791436
α_B,1,2038,-0.002927145698002281,-0.2692737284212952,0.00016373387300242745,0.2323627783502753,0,Float64,0.034058405681585024,0.056974211877250096,-0.07867473604232077,0.027987183860724563,-0.034992357124810906,0.018392030158399783,-0.02122147229954493
α_B,1,2043,-0.0028166674258794377,-0.305097214911246,0.00024058050555663042,0.30380341411840595,0,Float64,0.03600376106161825,0.06171866848587336,-0.08253644667319752,0.0294318836710075,-0.036677100836744914,0.019376729093638502,-0.022121051620292567
α_B,1,2048,-0.002864989044159589,-0.3322872242734357,0.00033567213765996196,0.33222565768244344,0,Float64,0.037959854542346974,0.06607454655026408,-0.08710920113841186,0.03094196351897411,-0.03811849645060429,0.020182115663314796,-0.023166451887965667
α_b,0,1908,0.0013470904751619322,-0.046639960209210206,0.0017699541664778708,0.054575952230808245,0,Float64,0.013878077394563992,0.03030327784834845,-0.02680676649299586,0.0150368844743728,-0.01275444910562425,0.010241872283404247,-0.007825155714824474
α_b,0,1913,0.0007850425003742014,-0.055983730121272245,0.0010177207222045368,0.07259062300560765,0,Float64,0.01465670568277515,0.029365675233653906,-0.030336638086786803,0.014926533778796066,-0.013371162100046536,0.010730684772737219,-0.008312617844513889
α_b,0,1918,-0.0015565040104354938,-0.0731661505831689,-0.0011133510556766016,0.05255879861403302,0,Float64,0.015213068434897024,0.026378668301162027,-0.03380882194452743,0.013679846476473986,-0.016424358013090657,0.008731733670091106,-0.010689758965400371
α_b,0,1923,-0.001991443133048097,-0.08635293273019905,-0.0011918143218764962,0.0809551214946184,0,Float64,0.014960350039931616,0.026228352196767914,-0.033160843510723126,0.01235932262548779,-0.016817963732367068,0.007480578173572491,-0.010936895912383459
α_b,0,1928,-0.0019536751232616307,-0.06390403310168556,-0.0012631301963269253,0.060538290840438644,0,Float64,0.015110943975043433,0.026522435822511927,-0.03395186924460037,0.012720411107839901,-0.017187300201815834,0.007915883248310624,-0.01136360504149828
α_b,0,1933,-0.002800291947941387,-0.0779508313663654,-0.001962652703951082,0.05887602238871063,0,Float64,0.015197780111149209,0.02484366995255487,-0.03534832102715062,0.01179824538082693,-0.01735686783811404,0.007258411010806271,-0.012023267212378607
α_b,0,1938,-0.005965503816679686,-0.08725451301164358,-0.004237509326093188,0.04890718566209664,0,Float64,0.01606725709895094,0.021384077044973897,-0.04167181294855876,0.009463426730004743,-0.022080787716175703,0.005157701131481683,-0.015584364209895344
α_b,0,1943,-0.0076984372691056525,-0.10736265198370072,-0.005735703386059328,0.059531028418645326,0,Float64,0.017010758546770754,0.02028912426250828,-0.04592042163699436,0.008674179845322925,-0.024916992346058063,0.004138744765355696,-0.017707396438980526
α_b,0,1948,-0.0062091735650246305,-0.10746688015048363,-0.004276164714368414,0.051831074465522646,0,Float64,0.01744601957518899,0.02231300735219592,-0.04665965688005889,0.01078962271292317,-0.023569775053707918,0.006256480718460649,-0.016005880204808462
α_b,0,1953,0.0012842604990314563,-0.08331659377466623,0.002382223602121779,0.07167646164052324,0,Float64,0.015623745495210353,0.02934150079536471,-0.03299005203075168,0.016638479185181236,-0.013871521392461549,0.011677697542967599,-0.008026162359678629
α_b,0,1958,0.007867317640731076,-0.10133202323672527,0.008810975465872117,0.08427821974909584,0,Float64,0.01506231319648646,0.03560373125869899,-0.02514168985781472,0.022079412554129374,-0.0061011816761341875,0.01730344599059956,-0.0008852523265732135
α_b,0,1963,0.01618795196848813,-0.04962976680466051,0.016269770695009907,0.10197509267424025,0,Float64,0.0143707232287054,0.044900519617542364,-0.011920690932497868,0.030103315352586035,0.0021184713760755186,0.024860600441116095,0.007212740114026018
α_b,0,1968,0.025662390763665957,-0.022685807433450788,0.024573898029369847,0.10630372880626154,0,Float64,0.01564162162599347,0.06133462778258218,-0.001324620894442239,0.040139776995553794,0.01043564197654736,0.034522901420466684,0.015258930610257586
α_b,0,1973,0.031821005043796514,-0.022572626068427214,0.029984459812231024,0.1213887567439532,0,Float64,0.016989924308469115,0.06993028048039297,0.00360811093715089,0.04872610241803406,0.015340871001551975,0.04133678121768257,0.020375733280163563
α_b,0,1978,0.0338966246581811,-0.016137600477055765,0.03199281683561522,0.12158709119178936,0,Float64,0.017399504811709012,0.07227668388331086,0.004559765100228082,0.051111594169868615,0.016757168384242634,0.04427449984277293,0.02179622744510714
α_b,0,1983,0.03017388403994598,-0.029674994860751296,0.029377115533113098,0.09543480379319245,0,Float64,0.01598065418109842,0.06433864741620986,0.0020657058312499674,0.04613610355544463,0.014097076150926662,0.04003155019859367,0.019465785819488057
α_b,0,1988,0.02711290539207714,-0.03567827189903526,0.026320353256165052,0.09603487262977953,0,Float64,0.016137997802737638,0.060617192082997866,-0.003087757765247822,0.043325935345922176,0.011103280025361274,0.03747412836096052,0.016513888243756103
α_b,0,1993,0.028714484729792784,-0.04158530878652292,0.028127341671868103,0.10981789370259412,0,Float64,0.01726199433582015,0.06482034332931333,-0.005047926807687969,0.045390819881349194,0.012200832825367526,0.039491806032452816,0.01734570578600113
α_b,0,1998,0.03263887957749529,-0.05663078912521054,0.031217625626981348,0.15034432119457822,0,Float64,0.018623998904880184,0.07384167263011085,-0.00035277961455548984,0.05113913714807123,0.01462960070562063,0.043706236871916555,0.020271220646954052
α_b,0,2003,0.03666819064920957,-0.0336100006066439,0.03470676186528071,0.18008133872703283,0,Float64,0.020678001673399123,0.08203046885345143,0.0010181034715014588,0.057285063070709845,0.016740151287822417,0.0490729010029471,0.022760497273421613
α_b,0,2008,0.03954906620918035,-0.04236109590996453,0.03717267496068496,0.15397286508328734,0,Float64,0.022447955701489133,0.09021234414900327,-0.0001970725452130576,0.06214603819422329,0.017897394511500332,0.05299738300514333,0.02414235479307941
α_b,0,2013,0.04235836877331538,-0.03011473015500092,0.03927754120000977,0.1777701522817555,0,Float64,0.024636999716117897,0.09745443680886315,0.0014822690048737388,0.0679577611976149,0.0184534041172625,0.05732146991145899,0.02548596578505837
α_b,1,2018,0.04548015828539666,-0.0328942982450454,0.04154913289894564,0.1990896254953649,0,Float64,0.027680382730973455,0.10709964024546743,0.000435485210403355,0.07390125222049881,0.01911595592730137,0.062134759068651124,0.02645247409765555
α_b,1,2023,0.0455109898633298,-0.08695469310134843,0.04140343464741781,0.26575001986407415,0,Float64,0.030882891773783974,0.11626161040968225,-0.005100394292885585,0.07634309857962496,0.016428313981057912,0.06275752514522567,0.02456556983390757
α_b,1,2028,0.045524626635234836,-0.15353501224596286,0.04122535369669502,0.2913295284525068,0,Float64,0.03362098630177618,0.12256515807323269,-0.01007153062136587,0.07833101914095236,0.014373852110015661,0.06412670619968242,0.023104230968751624
α_b,1,2033,0.04542916228244899,-0.16532449289088041,0.040925735067706685,0.32002304247490654,0,Float64,0.03619226356957916,0.1288174241862653,-0.014718507984155978,0.08022619745880682,0.01213749751144269,0.0649774822387662,0.0216165048751388
α_b,1,2038,0.04533715563041857,-0.17148419774618434,0.04080229802241435,0.3510806514823454,0,Float64,0.03856090583608254,0.13438027397917848,-0.020103525798807368,0.08200688394797787,0.010164322331570838,0.06600558077361951,0.02045993149000437
α_b,1,2043,0.0452965689611255,-0.22228474195114412,0.04062653271333537,0.37943548488844164,0,Float64,0.04088585456116196,0.1385867938474087,-0.02501903685152407,0.08371774162164979,0.008470227050829934,0.06672073630496043,0.019285064499284132
α_b,1,2048,0.0453346138233153,-0.2073536373327262,0.04039118627938612,0.37937762598349933,0,Float64,0.04287384169979056,0.14427512024328404,-0.02831742120986518,0.08574399211095715,0.006799901043073357,0.06776988729755759,0.018329104977828713
α_C,0,1908,0.004909893319357555,-0.017228784185961903,0.004950788293446742,0.023868197877963994,0,Float64,0.005277269113152577,0.015572503526451186,-0.005532035900585412,0.010239671639461705,-0.0005961069711155863,0.008384832912144686,0.0013534444076543407
α_C,0,1913,0.004424430041291122,-0.015774718374822153,0.004582144352070964,0.024224165729366403,0,Float64,0.004739351581833663,0.013531793099156806,-0.005100533093163394,0.009100014860581642,-0.000485186854542185,0.007534659396425459,0.0013080702574215246
α_C,0,1918,0.003658346247613615,-0.01784470844727982,0.0037164003497824195,0.021879250955093917,0,Float64,0.004610345325368168,0.012710602035575228,-0.00560286922824672,0.008379092166987722,-0.0011040712770289598,0.006689163201230872,0.000655292105899794
α_C,0,1923,0.00589926312191933,-0.011965485406980773,0.0058946750168624015,0.026154431005386808,0,Float64,0.004398834891344406,0.014885139839410085,-0.0025993386893543463,0.010278733781030943,0.0015134655137037745,0.008722455256911923,0.002916212670757153
α_C,0,1928,0.005581222884364935,-0.016575358310533042,0.00558800586553451,0.028189183585846028,0,Float64,0.004428599770711698,0.014353090554830361,-0.0028323261471722826,0.009957373937271797,0.0011840391541307331,0.00837591245541391,0.0027383271749298423
α_C,0,1933,0.006521705531214459,-0.01976377717524657,0.006530833689595646,0.02329542956391088,0,Float64,0.004320174083186332,0.015099609177140106,-0.0020327170482458755,0.010862549507982907,0.0022311834081835354,0.00935139784616952,0.0038052978744952193
α_C,0,1938,0.0070902211216943576,-0.018534482482556753,0.007225544341672869,0.025388850053839476,0,Float64,0.004302557657967656,0.015217050804899056,-0.0017326688274594381,0.011318297294978099,0.0027776673714801823,0.009893922008642777,0.004387231346332138
α_C,0,1943,0.008806785410896658,-0.006337683761074831,0.008819071054491484,0.027934571637318703,0,Float64,0.0041976902818336975,0.016971097516678253,0.0004239365176999648,0.013041879206217426,0.004478206639252102,0.011511604677688773,0.006069153732151274
α_C,0,1948,0.012168224740656566,-0.00666515929995748,0.012026165236643627,0.03151229166048491,0,Float64,0.0047537744207633075,0.02195781624012913,0.003252357320862565,0.01688651815413866,0.0073775084302106575,0.015067802974277816,0.008966825557772031
α_C,0,1953,0.01096841963446171,-0.007395590805282554,0.010861917405786604,0.03355228906624989,0,Float64,0.004495109474418521,0.020063253558930245,0.0024264129718874275,0.015514784804908983,0.006517510063891107,0.01385783175793954,0.007954527219250513
α_C,0,1958,0.008494250354513455,-0.010957286434496394,0.00855372139557934,0.027012611397137027,0,Float64,0.004216892947447452,0.017045425502496395,9.037513773539129e-5,0.012698413147976005,0.004295372917125846,0.011223944968777669,0.005749206615793721
α_C,0,1963,0.007270422309898119,-0.013793853135988812,0.007410387299176216,0.02490682380599972,0,Float64,0.004387257757467824,0.01586044076574311,-0.0016643282861712849,0.01149219269452016,0.0028894836240268545,0.01004466989357507,0.0044895271152138785
α_C,0,1968,0.007480917378311574,-0.011693980433232049,0.007517975720558364,0.023096260358276832,0,Float64,0.004361663335542592,0.015968647064018536,-0.0013083368612663785,0.011862835724519702,0.0031538106109174346,0.010286182633118599,0.004658432217287338
α_C,0,1973,0.008091625351046189,-0.010005268172199829,0.008118400634857477,0.027029583247945837,0,Float64,0.004164043634580229,0.01610225992683806,-0.00033414463101136776,0.012199513076410517,0.00394969435645711,0.01085122022260196,0.00533812926232032
α_C,0,1978,0.00934020286087924,-0.0065444281366997875,0.009323450561250581,0.027757174822487626,0,Float64,0.004216376187990455,0.017895471085166946,0.0010240102452628947,0.013496322456616536,0.0050663839938483906,0.012019866217152137,0.00653429524580496
α_C,0,1983,0.008353706777894718,-0.008380519329698381,0.008438157649267032,0.024527953055729586,0,Float64,0.004225254882948748,0.016497499168760962,-0.00012643461644805355,0.012604533823627322,0.004105183686271034,0.011168970433852324,0.005547826994201717
α_C,0,1988,0.008399522863453229,-0.011204041404674844,0.00852425052273866,0.033715138602485796,0,Float64,0.004221123124341721,0.01649803859313821,-2.7843835567804072e-5,0.012523063638649789,0.004139699499421619,0.011112677244121991,0.0057210334307467026
α_C,0,1993,0.009176379818192774,-0.013257587725647443,0.009095518933583614,0.028288636016469353,0,Float64,0.004204178752907696,0.017221555634380784,0.001056830033864701,0.013488446689554782,0.004978714545441446,0.011894870908082434,0.00650166942927498
α_C,0,1998,0.00996784129225065,-0.009369610946574484,0.009850200853716821,0.035620202222820925,0,Float64,0.004350335818500812,0.018762341904116384,0.0013810423379006468,0.014342500802170078,0.005607246293552116,0.01272211382212842,0.007191018931101777
α_C,0,2003,0.00996967757754438,-0.007396180410348547,0.009926053792451768,0.03053023949291917,0,Float64,0.004335208869077809,0.01871658663726676,0.0011628798046655993,0.014284555434603968,0.0057632440388730105,0.012677234064687758,0.007228776208499022
α_C,0,2008,0.009315899091303464,-0.011303582876241234,0.009298541053281949,0.028610644890188247,0,Float64,0.004557156023494715,0.01850999061621737,0.000271693196895028,0.01385035586433594,0.0049028449782962035,0.012123695797106456,0.006493098099660228
α_C,0,2013,0.009618952867846559,-0.016172695356080475,0.009474988220544482,0.029607095135494584,0,Float64,0.004818312772508232,0.0193379171329902,0.00031706349034111284,0.014451876730012575,0.004917007294006974,0.012706653227413397,0.006568992528195233
α_C,1,2018,0.010126874865663089,-0.012938463934827974,0.010097685178747224,0.0359109058360668,0,Float64,0.0055785854413466385,0.021389353607493437,-0.0009784067739524412,0.015597578290344938,0.004716047582485941,0.01358617186751986,0.006555140881768832
α_C,1,2023,0.010154858994755657,-0.03146443988588527,0.010089786357371948,0.059655738213381854,0,Float64,0.007345309954738598,0.025207455914204566,-0.0043760253068161024,0.017281543748106455,0.003023942651370258,0.014627261676130994,0.005546353321592695
α_C,1,2028,0.01019142395760924,-0.05298062559933816,0.010095999135479195,0.07475221506198966,0,Float64,0.008749446993827719,0.028054410924131034,-0.0072620139720680375,0.018602317668587765,0.0018327341802594794,0.015493320151297152,0.0047969981608370505
α_C,1,2033,0.010182655918648127,-0.0626091706000605,0.01013429309435701,0.07234088276538259,0,Float64,0.009912902171685329,0.030331442696015745,-0.00960124703977121,0.0196080501912665,0.0007107781198889303,0.01617703919858611,0.00412205013869809
α_C,1,2038,0.010166228882222968,-0.06693983722310053,0.010098537026659644,0.08063959347014649,0,Float64,0.011029100036033338,0.03241050069107142,-0.011952733297223753,0.020597821926784908,-0.0002427999603925972,0.0167600861079679,0.003541422303489262
α_C,1,2043,0.010159844968960219,-0.07930558037048722,0.010075569159466249,0.10717772812204339,0,Float64,0.012032222964839648,0.03454520651111718,-0.013904808047905412,0.021543591542797787,-0.0011800590822225695,0.017363434748833055,0.0029702259309075667
α_C,1,2048,0.010133466227356216,-0.09400657336339073,0.010039501605864122,0.10900033977396228,0,Float64,0.012944307806780384,0.036459459527149275,-0.015932568584552442,0.022328242582557695,-0.002061324953826431,0.017836651029697496,0.0023882968765527794
α_c,0,1908,0.009290332497788704,-0.045605890645295445,0.009625297253408945,0.05150916379421498,0,Float64,0.012033096414824963,0.03184321321247122,-0.01590100704487923,0.02139316253722416,-0.0027834357412364697,0.017686112575060534,0.0013870511022481854
α_c,0,1913,0.012385195823477132,-0.04218270475611733,0.012368024966929143,0.05682172672185335,0,Float64,0.011771760976426113,0.035042114260106165,-0.01171251013839316,0.02439864556779312,0.00038852521546998585,0.02031175692070415,0.004814621473937419
α_c,0,1918,0.015061376547063488,-0.035337776681800055,0.015134987386511126,0.07044607553771508,0,Float64,0.01187616695804932,0.037498933884347684,-0.008325743949413253,0.027212992379905074,0.002845542543052005,0.022835329902468924,0.007383509344283601
α_c,0,1923,0.016534530665039085,-0.03948120596977133,0.0165877124795358,0.07093983851213033,0,Float64,0.01177159095458481,0.0402915208869727,-0.005573246476036542,0.02827687207789451,0.004495232876444579,0.02407836801331056,0.008892587999806911
α_c,0,1928,0.01729048962471501,-0.04732734896263847,0.017229000311550793,0.06233548060840224,0,Float64,0.01154888190993383,0.039748347428314255,-0.004911729793572223,0.029174725640686003,0.005795577322462301,0.024773212833031313,0.009880321597493464
α_c,0,1933,0.017543646568370572,-0.04435655882831884,0.01745205329816186,0.061056204171461126,0,Float64,0.011427458661298706,0.03965572397474148,-0.004805079485441355,0.029276577257308225,0.006258059584197176,0.02498928836577887,0.010059910272995357
α_c,0,1938,0.019607802330451778,-0.03126489193440127,0.019364716757947913,0.07287880619008269,0,Float64,0.011423814409249203,0.04271630979465057,-0.002599542435279233,0.03120357121731156,0.00838574089878476,0.026852998503599564,0.012218310193743533
α_c,0,1943,0.0227464162919508,-0.020802162112032577,0.022181824194256107,0.08385394750458164,0,Float64,0.01227733506607339,0.04762815182218839,-0.00010014180059945482,0.03518312025819854,0.010291784900043822,0.030595757135328763,0.014518091252395504
α_c,0,1948,0.02497855427790543,-0.01911249214671928,0.02417126884987702,0.08441571788852355,0,Float64,0.013305576789152656,0.05514526614853273,0.0009203694663988337,0.03867278037687637,0.011814545952648609,0.03306207140506331,0.01605645791910822
α_c,0,1953,0.023608001547556347,-0.019006208438620244,0.023105965686172163,0.07830641506551964,0,Float64,0.013017262325737985,0.051781632248236266,-0.0006247649986963455,0.036781259453177194,0.01071688439102515,0.03150396121979584,0.014796609360760611
α_c,0,1958,0.01937605787515024,-0.024112291311427635,0.019247700957454983,0.06403876396111773,0,Float64,0.011592229854015567,0.04311267122648775,-0.0030493529380766376,0.0309471847198369,0.0076678753358418875,0.02679552466384392,0.011820200446288407
α_c,0,1963,0.014236079309297206,-0.03906347702454642,0.014557231248611701,0.0595522316726435,0,Float64,0.011316716104081487,0.03669288849303327,-0.008790740506178901,0.02526582812371476,0.0029978546986858265,0.021584677670885326,0.0069729730413522935
α_c,0,1968,0.013221838806786675,-0.03066899774388183,0.013042190197163451,0.07787332594009158,0,Float64,0.011232513059061842,0.03554331509726785,-0.00902383178472306,0.02425820289574122,0.0021591116377602227,0.020398127979233543,0.005940766488213633
α_c,0,1973,0.009324031060645438,-0.04567517368394108,0.00948561136051559,0.06024744252007274,0,Float64,0.01117287305602233,0.031661378748374255,-0.013941416442725141,0.02029918683958227,-0.0015831756449655435,0.01651317733589893,0.002216931611548108
α_c,0,1978,0.005823009822290208,-0.0755443193156939,0.006380134930143835,0.06943652139333031,0,Float64,0.012132593367673116,0.028168903080104463,-0.02055653115263692,0.01734918565865415,-0.005711545513225608,0.01387472559156652,-0.0011585565429513046
α_c,0,1983,0.00932451471499419,-0.05230807434944551,0.00899448942995619,0.06264248447320989,0,Float64,0.0115469747758639,0.03204639608461528,-0.012922221916607654,0.02049819318317775,-0.0019427266596355008,0.016701262931765947,0.001899019939581185
α_c,0,1988,0.008386123944028944,-0.04397361148266354,0.008151457012965692,0.06201220471783756,0,Float64,0.011716327104236958,0.0313850358842115,-0.013926768042162701,0.020136968987606498,-0.0031256679583653592,0.015576059238199224,0.000747169980732384
α_c,0,1993,0.006046069462973178,-0.04155628089182308,0.006097607826272425,0.06786506592361101,0,Float64,0.011694961678477764,0.02846151471561596,-0.01742040069475711,0.017500811349978784,-0.005646311010050768,0.013499025180907311,-0.0014076310472880707
α_c,0,1998,0.003093299481761236,-0.049391399481668104,0.003543661284413811,0.05161836562540504,0,Float64,0.012222672975839555,0.02556222675668313,-0.02264615890974315,0.015337869253361872,-0.00887557137640898,0.011251551815670228,-0.0046977376685164145
α_c,0,2003,0.002638788251056796,-0.056698699749604724,0.0029126016771576944,0.06110081092174113,0,Float64,0.012455640201268055,0.02634809138218592,-0.023034345735471733,0.015065726011604559,-0.009994236170305773,0.010711195938216216,-0.005314897922892948
α_c,0,2008,0.0032545841846174095,-0.04737850699674913,0.0032688631730234093,0.06116987373254647,0,Float64,0.012739764640424527,0.027780640398218457,-0.022876286882057506,0.01638085588229548,-0.009117288928644416,0.011695363319946262,-0.005169252500646709
α_c,0,2013,0.004027874377713386,-0.05513745709312457,0.0043647335433844425,0.06105521364436798,0,Float64,0.013392734602256037,0.029496044827615826,-0.023050192743257335,0.01740369880932842,-0.00934205809548124,0.012949368043730347,-0.004466600696693909
α_c,1,2018,0.0014706901117640826,-0.067211982268285,0.0024390302929838724,0.06550521399460445,0,Float64,0.014703955948333153,0.02944817799054283,-0.029131738213282205,0.01602123855236023,-0.013127564991294534,0.010781435908944453,-0.007607781292757095
α_c,1,2023,0.0014505770748841303,-0.12150264577750242,0.002303270869277135,0.10145504690369812,0,Float64,0.017736145101997926,0.034397168555171005,-0.036542609678538694,0.018342351471483387,-0.01571521189905358,0.012696187234937185,-0.008891188031802555
α_c,1,2028,0.0015107806306188013,-0.15040114358876744,0.0024530643441726414,0.1280168213486907,0,Float64,0.02032955030536672,0.03955843899639427,-0.04171486009764396,0.020520859547939908,-0.017662308452072704,0.014000355541885863,-0.010098084086597937
α_c,1,2033,0.001491784972017212,-0.19577088193635866,0.002493968385886047,0.14594556293094355,0,Float64,0.022562980001938297,0.04409682272955865,-0.046656126262290716,0.02223291363714542,-0.019540655117734618,0.014988071295984059,-0.011115398479425614
α_c,1,2038,0.0014337822441308032,-0.19616216434027178,0.0024738763465824874,0.17735259470142975,0,Float64,0.02460309024346294,0.04844312757389303,-0.050713026383633855,0.02361768099356415,-0.02104354738615016,0.01594336662516384,-0.01205863367998605
α_c,1,2043,0.0014625626686181575,-0.237361739347782,0.0025650155027144893,0.23360222156976343,0,Float64,0.026512955951078346,0.052321317489662525,-0.05475737438305933,0.02513693101667524,-0.022555996539804522,0.016815300698022104,-0.01292801662510697
α_c,1,2048,0.001517258532488059,-0.2575103737794983,0.0026500076192430876,0.26652068028874737,0,Float64,0.028200653942297517,0.05626084854868745,-0.05907583544333098,0.026553710252146655,-0.02394206279841401,0.01771826895957932,-0.013547199786189073
α_d,0,1908,-0.012029105396446057,-0.07741108987607878,-0.011861311745280363,0.05350074625827927,0,Float64,0.019728839194856775,0.026446856314694445,-0.049701307723644644,0.008242926243933673,-0.033176982743866046,0.0015627977078453642,-0.025386445063651092
α_d,0,1913,-0.025190616511136615,-0.21773194695512807,-0.025321928495316566,0.17239320875359504,0,Float64,0.032190837671205084,0.03751244872561856,-0.09040976754765224,0.003559895907645669,-0.05291129834642933,-0.006612636309746677,-0.04293598775367795
α_d,0,1918,-0.03509044427191029,-0.2855673728187359,-0.0336456587308621,0.21463392133182096,0,Float64,0.03776127918334108,0.035825191176521345,-0.11288211870777655,-0.0006139966472772566,-0.07038620091183208,-0.012653276780202364,-0.05647373244851071
α_d,0,1923,-0.05620851944551583,-0.37724477833359776,-0.04904517849041066,0.1198459804802152,0,Float64,0.04735405881380919,0.019946075944985996,-0.16776029256935446,-0.013156612513461024,-0.10227184551003053,-0.024828258145731474,-0.08012061404791973
α_d,0,1928,-0.06847859652253643,-0.36871605286222686,-0.06054804075995375,0.1362877928619555,0,Float64,0.05295798152612799,0.013083586703063806,-0.19414799316021797,-0.01895512212017982,-0.12301314366768343,-0.032958768355242335,-0.0975098416723853
α_d,0,1933,-0.07963425755048102,-0.4412488159116761,-0.07100758806014788,0.09989977789286274,0,Float64,0.05837005454437039,0.008759623539818375,-0.21456696464038058,-0.024892336649310388,-0.13824772405270733,-0.03849617343301284,-0.11233598271694295
α_d,0,1938,-0.08704065891363938,-0.4600234848837658,-0.078528375248217,0.0645753305775574,0,Float64,0.060229971447090705,0.007002484523037548,-0.22172955434621608,-0.028225170750246987,-0.14886026828541943,-0.044492411609470144,-0.12155595485195163
α_d,0,1943,-0.0957218370674731,-0.38183024933604276,-0.0854012771080518,0.07599466572776217,0,Float64,0.06427282662116018,0.0024650143911006607,-0.24641564941753463,-0.032628011464637494,-0.16185973541959264,-0.050072374654462994,-0.13250644719660248
α_d,0,1948,-0.10276829320246708,-0.4593752071151883,-0.09272844134282218,0.06820103736248857,0,Float64,0.06789882995430016,0.0015882387397139254,-0.26153573091904675,-0.03522600168817507,-0.171682835222132,-0.053663911932601664,-0.14148521477918463
α_d,0,1953,-0.11205327018150703,-0.5888831872679584,-0.10089853641249442,0.0826416154744176,0,Float64,0.07478664848996466,-0.0005635360200631805,-0.2946720319805219,-0.03943871318140531,-0.1864032052951913,-0.05814928902058662,-0.1530952279697467
α_d,0,1958,-0.10978155903493075,-0.4641887736672746,-0.10036184359497738,0.07428026864970472,0,Float64,0.06981891776116914,0.00019707975809269283,-0.269510200527146,-0.039674141722523926,-0.18057912306998525,-0.06021860530121336,-0.14895785361339814
α_d,0,1963,-0.10484479957367607,-0.41120010175245,-0.09854521567737401,0.17158645034852385,0,Float64,0.06402783835478328,0.001413691913205376,-0.24645971477389558,-0.03862370851094037,-0.17334570108435352,-0.05760636855495822,-0.14568253917256516
α_d,0,1968,-0.09892389324776715,-0.3588795294409201,-0.09530888444529648,0.09650074020153906,0,Float64,0.06021660937125683,0.004738637476426792,-0.22545560805543124,-0.03646312337839291,-0.1627561593911459,-0.05542089970740437,-0.137043838845127
α_d,0,1973,-0.09818408993385759,-0.3577506596578897,-0.09504278133721039,0.1486587294418738,0,Float64,0.059425142212104244,0.005624077173353883,-0.220176772908025,-0.03690478707321663,-0.16158960351418994,-0.0554597463125886,-0.1352013700489037
α_d,0,1978,-0.10069393993984553,-0.3461603074400907,-0.09531122390611668,0.07984921215084599,0,Float64,0.06158475477139649,0.004062790950153105,-0.22982507345002398,-0.03832431754957858,-0.164152617642389,-0.056635596280823076,-0.13749534577646272
α_d,0,1983,-0.09388864494605921,-0.36027954729168005,-0.08998637746366067,0.10384946129688392,0,Float64,0.05914009741983681,0.011250247351419418,-0.22706340885479642,-0.03463863557676194,-0.15324966355045253,-0.05297198805355841,-0.1303761123082356
α_d,0,1988,-0.08794728976298302,-0.3513639375854198,-0.08471015039917215,0.14562424585038714,0,Float64,0.058267170577749314,0.0181709793989775,-0.21718460381802857,-0.030445582170358924,-0.14682889608599933,-0.048877625160612434,-0.12526665990333447
α_d,0,1993,-0.08766861544191702,-0.33003041869848404,-0.08486398477498977,0.15945997156730646,0,Float64,0.05885932466762418,0.021992329277480644,-0.20385871920272802,-0.028514425545076577,-0.14872388743359757,-0.04795545075548585,-0.1270755884237032
α_d,0,1998,-0.09091827351830375,-0.3761649819918187,-0.0886037016787761,0.173535217381999,0,Float64,0.06045914894344761,0.01853997249979918,-0.21326839913280762,-0.030487284927069185,-0.15287342584030456,-0.04890459192892696,-0.13109322931418582
α_d,0,2003,-0.09231382909691405,-0.4493906895038409,-0.08767001293268709,0.1951405019247012,0,Float64,0.06246733939872551,0.020137699937984487,-0.2181229915463856,-0.030406333421772305,-0.1582981492640422,-0.049059435189996364,-0.1341499871878465
α_d,0,2008,-0.09244470780412738,-0.37832717168758967,-0.08953783915887369,0.18732495518804532,0,Float64,0.06356254493576434,0.025188123203078328,-0.22487513738787954,-0.029682155260738783,-0.1568697983974928,-0.04816092837603081,-0.13366809309961736
α_d,0,2013,-0.0925071308123696,-0.38294506071898043,-0.08859390367107506,0.19009924764085762,0,Float64,0.06716904556233474,0.029083000974085223,-0.23195348184872716,-0.02698281847070009,-0.16033910202785334,-0.04775971772275805,-0.13418048536001537
α_d,1,2018,-0.09133677017338894,-0.4561960319777468,-0.08806682600273946,0.32468173808100964,0,Float64,0.07232040395684526,0.04152580955079984,-0.2461108636591581,-0.022716171684584067,-0.1612789317389166,-0.04430460456391211,-0.13353829076863138
α_d,1,2023,-0.09130853653971867,-0.6389814540441391,-0.08645993738898777,0.5317884735738537,0,Float64,0.0792315905340479,0.05542825355055438,-0.2623748698623967,-0.019014485306828352,-0.16667330309800613,-0.04125080899182855,-0.13638613069229116
α_d,1,2028,-0.0912634640666974,-0.768839415759554,-0.08596705854370482,0.6730965849798416,0,Float64,0.08564076682771173,0.06645984345403987,-0.2745140990537565,-0.01564104564377211,-0.17078924649109814,-0.03935805399570188,-0.13861777539400602
α_d,1,2033,-0.09117440647855302,-0.8429618408661046,-0.08505827415553022,0.788347772270553,0,Float64,0.0915474571322356,0.0784549574707071,-0.28645877317443,-0.0124403474557488,-0.17555312562852565,-0.036921914661864896,-0.14110218134382718
α_d,1,2038,-0.09120785347125362,-0.9856593597932497,-0.08467854339828389,0.8064279156635593,0,Float64,0.09701100863131033,0.09095230398398019,-0.29656330755845045,-0.009284833078378558,-0.17986529307999516,-0.03506944460418572,-0.14343432656564234
α_d,1,2043,-0.0912883021306891,-0.9960944358356929,-0.0842120445401557,0.9790720943546001,0,Float64,0.10187255702806178,0.10223636133658495,-0.3074095523675971,-0.006652836536170266,-0.1828689581849014,-0.033340984913887955,-0.14517345014808883
α_d,1,2048,-0.09138018949357657,-1.0005581960789107,-0.08374969774292308,1.1181634366468787,0,Float64,0.10701354999593526,0.11056082241008587,-0.317449255577551,-0.0037743406552728457,-0.18686438254105772,-0.03149990399753039,-0.14708563935658892
α_σ,0,1908,0.0009422934080787815,-0.07041928715942733,0.0006513400572500812,0.0680109603787755,0,Float64,0.019838944860241167,0.041282548017012935,-0.036737376403584994,0.021508497394716282,-0.019783539333635854,0.014458158576972505,-0.012561251909774761
α_σ,0,1913,0.0022350930615203483,-0.16396097787267716,0.0016557061684854954,0.19223057062922175,0,Float64,0.02616679227945221,0.0541577578078769,-0.04616580051720188,0.02708015406768018,-0.023946106859377602,0.018190548074280187,-0.014016838908778652
α_σ,0,1918,0.002334427990625374,-0.16583943215501845,0.0021846498580430614,0.2061201912296763,0,Float64,0.030900601462510426,0.06459870453004757,-0.055148573517025797,0.030265461343817027,-0.027246587444962268,0.0201932525947328,-0.016316538158613222
α_σ,0,1923,0.0019947293170965467,-0.20355177390604823,0.001866966448594758,0.21579303297302493,0,Float64,0.03359120220382259,0.06975317087420388,-0.06087724652280506,0.032686399511264196,-0.02963079328625152,0.02112185206736206,-0.017846315014068595
α_σ,0,1928,0.0017567556561219686,-0.25215428094816755,0.001215823940372358,0.24185053039085683,0,Float64,0.03673456421436508,0.07678701495263172,-0.06915346174550531,0.035403433746316625,-0.03153405294733881,0.022438551430384587,-0.01918483012869792
α_σ,0,1933,0.0018041933081237535,-0.2369299294573932,0.001526015960277354,0.22822993360786792,0,Float64,0.03909148808489609,0.08169417876984965,-0.07473276551780005,0.03732734057994752,-0.03337390062327737,0.023609423915194293,-0.020498662196504105
α_σ,0,1938,0.0021524384556618112,-0.24976459321213743,0.00254109199912407,0.2944455002221327,0,Float64,0.0414090467679291,0.0849523344902097,-0.07627695069038089,0.038570154788326476,-0.03484556105452363,0.02488181784778877,-0.020758143733412716
α_σ,0,1943,0.0022555403124447536,-0.2604339582666041,0.001797715160881762,0.25820395093718745,0,Float64,0.042965736792817295,0.0913274289731493,-0.08202457517131158,0.04063851603749218,-0.036491575743196294,0.02602940826593024,-0.022030444637666645
α_σ,0,1948,0.0027598667021292594,-0.2385147901665072,0.0021959309049216294,0.20860838028028314,0,Float64,0.0444381517724173,0.0957890796335947,-0.08316741356897862,0.04243536585777021,-0.037416621366270865,0.026565167620353748,-0.022452529843739837
α_σ,0,1953,0.0028968076418316967,-0.2575485472864331,0.0024460707301607013,0.2552587863241906,0,Float64,0.04643685028802567,0.1002128874716728,-0.08828590113072135,0.04442276650502636,-0.03829618803319118,0.02805752847982619,-0.02314677929062497
α_σ,0,1958,0.0031498297147659997,-0.25732535946981683,0.00281237239388612,0.3234858707162293,0,Float64,0.04763758773363525,0.10140583012356494,-0.09079318375850116,0.04522676393315214,-0.03914225866265097,0.029692793697820217,-0.02392801707512511
α_σ,0,1963,0.004147475542700983,-0.27260477675772476,0.00312070183239489,0.33475590978190206,0,Float64,0.04961334777541236,0.11174573334603713,-0.09206619152021955,0.04715558774720691,-0.04035318217648466,0.030932709329662106,-0.024133204278916933
α_σ,0,1968,0.0038647164024344714,-0.2526798373332818,0.00341161036795454,0.4194163481628815,0,Float64,0.05066972477119023,0.11232769209607746,-0.09440949787334725,0.04720081698800932,-0.0405726014785466,0.031000907061422233,-0.025366962354184192
α_σ,0,1973,0.004103547276627246,-0.26185649773709935,0.0038547545840743195,0.4250792456476266,0,Float64,0.05186207863427758,0.1134481937539741,-0.09701156828430722,0.04919775162737331,-0.042062450658073104,0.03177412834161098,-0.026043680714127052
α_σ,0,1978,0.004450869773335617,-0.3057715087040166,0.004545929026395045,0.49386819438495155,0,Float64,0.05426016072074485,0.11839481097184891,-0.10211210751775755,0.05108145094845209,-0.04414412566390961,0.03297946554068589,-0.026268917741116195
α_σ,0,1983,0.005543110508498986,-0.28850479203453544,0.004965443174594832,0.4254959700426812,0,Float64,0.055134098070162806,0.12305475840239742,-0.10088383814236548,0.052727736891872684,-0.04502324556295698,0.034227683001602685,-0.026884619033635967
α_σ,0,1988,0.003954375598445457,-0.32870631768828673,0.0031761164754260445,0.4585470455032536,0,Float64,0.05643498210125016,0.12272197431977987,-0.10566195938401209,0.05307493000101033,-0.04677886457900021,0.03400661375587203,-0.02812813085479617
α_σ,0,1993,0.004156544462650381,-0.3342055632250426,0.003264388516843122,0.5976507840788793,0,Float64,0.05792894079359334,0.12473237551497982,-0.10655962816174283,0.054302547692750794,-0.04750068145488835,0.034440872933471,-0.029403648942540904
α_σ,0,1998,0.004732716603995946,-0.38366147721226096,0.0032903516537091636,0.4511071428894121,0,Float64,0.05893009775151982,0.13084665167292206,-0.11152337646002435,0.056167417735029625,-0.04843761161686092,0.035492542019772505,-0.029196884518248357
α_σ,0,2003,0.005020364678953541,-0.43647016962900437,0.0036018262727706162,0.42129834233264535,0,Float64,0.06024400641735494,0.13137765600697554,-0.11080177786582505,0.05796615284182524,-0.04948339372732099,0.036214509391180434,-0.029036958063591287
α_σ,0,2008,0.005094499322120243,-0.44406900490307605,0.003158099921068313,0.4590332452209103,0,Float64,0.06198526223631268,0.13636495818596314,-0.11457218368925931,0.05947992849586194,-0.050990832139018984,0.0367523107106293,-0.029644397723364753
α_σ,0,2013,0.004444489044264264,-0.3878737786042411,0.003111056221926388,0.5487263875224057,0,Float64,0.06426702495200703,0.14475549844443636,-0.1179292738620878,0.059525374623039,-0.05182030065844363,0.0369484887033736,-0.031287660272356715
α_σ,1,2018,0.0044398857673211235,-0.48406504600814354,0.0029814295388548946,0.48433547687955614,0,Float64,0.06650669820357645,0.1498289030552591,-0.1232260888560329,0.06138413752539937,-0.053005426453113284,0.03896365153047725,-0.03228601986621704
α_σ,1,2023,0.004457976878054735,-0.5888776342170652,0.0028533367727846108,0.6260328236752477,0,Float64,0.06900426634790739,0.15319325371510842,-0.12652974013868964,0.062434330134286176,-0.054380806674650825,0.03932192743671579,-0.03329109762922547
α_σ,1,2028,0.004483995802173954,-0.6801077862610647,0.002820878438039955,0.6619895021841702,0,Float64,0.07143202348374028,0.15765297602533082,-0.1313252610656791,0.06354347501999219,-0.05553774969542375,0.03994321205961783,-0.033955521759934174
α_σ,1,2033,0.004376015763276727,-0.7066502014110754,0.00259273421465352,0.7246170374523144,0,Float64,0.07386503174791925,0.1599913406190471,-0.13756153838056678,0.06532073643297494,-0.057182476439331525,0.040991904835924436,-0.034548316524722185
α_σ,1,2038,0.004343776135043461,-0.7279177504412162,0.0025230371403668463,0.8048364889919535,0,Float64,0.07610770400640443,0.1652726385421652,-0.14114760643064503,0.06658987695755657,-0.0582615148851661,0.04183254667388364,-0.03544340295073921
α_σ,1,2043,0.004301733055243208,-0.6933084928218922,0.002698367678032055,0.7627337571509069,0,Float64,0.07804016279904188,0.16889105961713702,-0.14632578012708078,0.06807737427173145,-0.059441921701604644,0.042476703468334584,-0.0363563417738442
α_σ,1,2048,0.004278124961573952,-0.7473545483596011,0.0023428594383429245,0.8935942895626008,0,Float64,0.08015814382310214,0.17342268392035926,-0.14968800263145754,0.06916047989912548,-0.06054061992920707,0.0428285531861011,-0.03656219242548124
LE,0,1903,62.9297695138314,61.62870400829459,62.93199948015294,64.0926040201921,0,Float64,0.3646169855095076,63.65451172895111,62.19459241759691,63.30242674109661,62.555940460159576,63.176007454104194,62.6959442079334
LE,0,1908,64.03234035004964,63.014714417526534,64.04904244775646,65.08119002161284,0,Float64,0.306093193791371,64.62990293350819,63.40950759514221,64.33727791900942,63.720884978608574,64.23536254749912,63.82541741023213
LE,0,1913,65.17193108225021,64.01610076617294,65.17440834084061,66.32925706611897,0,Float64,0.30893832042984654,65.77025832023405,64.55725958302001,65.48677829362006,64.85275624440786,65.38207498892098,64.97348125503802
LE,0,1918,64.04105002489317,62.555629556001264,64.0515534836764,65.28378738060653,0,Float64,0.3630582365948117,64.73460146189085,63.31053858405109,64.4057393289935,63.66308591432786,64.29270048931747,63.796598428674606
LE,0,1923,66.67907733885704,65.66188189961778,66.67805935733688,67.82973048513307,0,Float64,0.2881164735310928,67.23855178692543,66.10138142613403,66.97253506725745,66.37693755108207,66.8749544417152,66.4892039023423
LE,0,1928,67.62103179471227,66.61370945419088,67.62215773731103,68.60010191325418,0,Float64,0.28320607679199433,68.17497933800546,67.06298905780997,67.91261291783943,67.32267252505636,67.81635517145264,67.43179000739427
LE,0,1933,69.0875779983532,68.21335407308626,69.09090700452164,70.10432976251143,0,Float64,0.262528931428989,69.60133173304787,68.57566609093351,69.35470124757569,68.81792019577296,69.25963729878077,68.91596415262572
LE,0,1938,69.72362405245498,68.89706698042163,69.72323834460491,70.55759795160657,0,Float64,0.26019878244768074,70.23626854354067,69.24131797732545,69.98756135964793,69.44435968231791,69.89700711096944,69.54501515925348
LE,0,1943,70.6281221331423,69.7040386209963,70.6287811760865,71.47023255438829,0,Float64,0.24724551224257904,71.11460801385991,70.14103168699816,70.88293246373111,70.37217141649788,70.79490173062246,70.46325537763717
LE,0,1948,73.12055916185557,72.33073466622936,73.12039150138332,74.11578787503947,0,Float64,0.2483562235782041,73.6016442154566,72.6462821012775,73.38339581363289,72.86322998382505,73.2915689140747,72.94751945617864
LE,0,1953,75.55098686858602,74.7738832168862,75.55270471015012,76.27772297329763,0,Float64,0.1971460130384357,75.93450097303227,75.16872234229905,75.76240199822992,75.3440395949217,75.68263805506085,75.41574897851929
LE,0,1958,76.49095789683508,75.65477027036513,76.49274057833435,77.20310714625664,0,Float64,0.20303745677891608,76.89532516325811,76.10103470714267,76.6997028368316,76.2770535565076,76.62635118965714,76.3464174898523
LE,0,1963,76.832876308568,75.89874616863379,76.83398218953776,77.70819039797502,0,Float64,0.2545751531866079,77.32875780286703,76.32559878375584,77.08711645701804,76.56964145686887,77.00449370157541,76.66992347636112
LE,0,1968,77.6974420607214,76.85626488291761,77.69307414200338,78.39652650639525,0,Float64,0.21793351678719863,78.12536519154696,77.26966645482555,77.92726167313279,77.47156270458301,77.84397038698188,77.55004152184705
LE,0,1973,78.35691081684855,77.48460146035761,78.35770112680044,79.09216041266698,0,Float64,0.20007621444437268,78.74990363476145,77.97641303346245,78.56344708758805,78.1465677159924,78.49160923616502,78.2178228425328
LE,0,1978,79.71370676474793,78.99992555106542,79.71242235417549,80.53608759834636,0,Float64,0.21083451162911662,80.13067815538088,79.29497647520607,79.93476849195969,79.49732843487865,79.85067593441003,79.57486717590085
LE,0,1983,80.51877801033815,79.233286418334,80.52401859058041,81.68429462965865,0,Float64,0.33186826804256825,81.14730843884708,79.85921453177626,80.86002412060516,80.16978559824899,80.74166064531312,80.28586611315576
LE,0,1988,81.12775616701849,80.36041871297134,81.13060400180727,81.91754443910892,0,Float64,0.20502902099588885,81.5341430366824,80.71640376091806,81.33901188805214,80.91661836613167,81.26670716910667,80.98990715029842
LE,0,1993,82.05061814083813,81.24662552952984,82.04918904025484,82.78866282248994,0,Float64,0.19332984624896016,82.42362727987519,81.67526717880905,82.25408651640164,81.85080669294503,82.18258168766849,81.92184162544348
LE,0,1998,83.15831244574392,82.45762348933387,83.16240617772883,83.97556620526558,0,Float64,0.22151724884794996,83.58994848755219,82.71147383686395,83.38276732273845,82.93637188125692,83.30950724295081,83.01159861028613
LE,0,2003,84.21993385103151,83.21295650760648,84.22483440641864,85.1010192800264,0,Float64,0.24599588280937676,84.70681315573508,83.76336203551752,84.47142064364598,83.95573651024708,84.39125194174844,84.0441082282959
LE,0,2008,84.89382518737678,83.9205209572982,84.88735203297921,85.7686111529522,0,Float64,0.2524567570763299,85.39913312697747,84.40858926122664,85.15108205412929,84.63348237139058,85.06068768244485,84.71942331397716
LE,0,2013,85.93206043808196,85.15118438144435,85.92892753019534,86.69836919540921,0,Float64,0.21995463797013481,86.36072964247897,85.50494940697766,86.16366912658545,85.69586886135298,86.08355377069427,85.78263826309735
LE,1,2018,86.99838359579265,86.08230817731409,86.99485541737747,87.95416314792385,0,Float64,0.2441611048718299,87.4775740434807,86.52894509100562,87.2519758296117,86.74611844385517,87.16218230829591,86.83142850946155
LE,1,2023,87.98230554935914,82.27413487648897,87.97040555881962,93.04959080736768,0,Float64,1.109644495318118,90.23044243586608,85.82065049680489,89.10025144779871,86.86915439544904,88.69472241988237,87.25238532012258
LE,1,2028,88.97150972215991,80.22570354490534,88.94323205930313,99.3519200356602,0,Float64,1.9067011028061092,92.82490262417404,85.29126230279861,90.87007536137828,87.06161926760777,90.18206844842233,87.72175834983213
LE,1,2033,89.97218216177258,73.43162699421114,89.91962126491447,106.89475288196022,0,Float64,2.7900325318912955,95.68708989516465,84.59256236861556,92.73334469168395,87.20615151958616,91.72457378358564,88.14780361615252
LE,1,2038,90.98559101077046,67.91743797456715,90.89113916101668,115.00778760748172,0,Float64,3.762612420753509,98.78588144533587,83.79821058656839,94.67517997200267,87.2850773818326,93.29966630839458,88.56285577893713
LE,1,2043,92.00888952830714,63.40545734411192,91.87285345024617,125.81801928771215,0,Float64,4.836745769258442,102.17070567401339,82.82184124072948,96.7309972542691,87.28473641680931,94.94075425511598,88.89061757075338
LE,1,2048,93.04734285885172,39.09273581335796,92.834452328907,135.55409582614493,0,Float64,6.01962405986025,105.68824718544107,81.74177739173314,98.87189668834041,87.23829059089006,96.66391579492755,89.18952092242736
H,0,1903,0.2744506799666981,0.26050877474748935,0.2743865239406875,0.2912446543975402,0,Float64,0.0044515595915161806,0.2832515789718732,0.2659502783246303,0.279106295607203,0.26984137848155215,0.277425950970562,0.271407148952966
H,0,1908,0.26541601813856686,0.2545606346437668,0.26535507393488994,0.27936447961276484,0,Float64,0.003626903684257621,0.27268719209340275,0.25828829982796075,0.2691356342471137,0.26180626469457835,0.26781997481697395,0.2629244205321622
H,0,1913,0.2519210124148336,0.24057840373538752,0.25182713474566304,0.26402186999591454,0,Float64,0.003383817211522097,0.2587526531673757,0.2455469269923808,0.25544876733962035,0.24846891113352235,0.2541511023519277,0.2495770152641436
H,0,1918,0.25919963555674536,0.24631863873138668,0.2590935740798159,0.276285181195701,0,Float64,0.003978424342676497,0.26740146924883357,0.25163309439634896,0.26328774318574816,0.25512224488501095,0.2617675122062141,0.25646660700241775
H,0,1923,0.23187829885256092,0.22229371959722907,0.23179802570947505,0.2428046122158442,0,Float64,0.0029561401362568473,0.2378012199247885,0.22624516992030785,0.23495812742217448,0.2288607217921084,0.23386768884931397,0.22981661773293843
H,0,1928,0.2197727564988217,0.20897865944748148,0.21974187207611945,0.23000698553606863,0,Float64,0.002743812190623329,0.22526650101192414,0.2143924593529093,0.22260094014190096,0.21693543156296036,0.22154996956212136,0.21787496016507116
H,0,1933,0.2052577373120403,0.19590944573468266,0.2052212375199795,0.21405415915030285,0,Float64,0.0023446093709248283,0.21000252213267706,0.20060836209479918,0.20763279744154997,0.20289442371802777,0.20675527618450387,0.2037248951120287
H,0,1938,0.1991342205371627,0.1907579108841738,0.19912232789381026,0.20707252137863566,0,Float64,0.002200861857546353,0.20345328882686384,0.1948835992483796,0.20136943718130093,0.19685389803085396,0.20057045178707056,0.197659353729523
H,0,1943,0.18861677469541888,0.18188699447324508,0.18857298121951488,0.19573541201572997,0,Float64,0.0019891701413078,0.19268566053275976,0.1848698782035075,0.1906835782122583,0.1865703767813152,0.18994372735154202,0.18722408819600617
H,0,1948,0.17388112193521213,0.16621145370128634,0.1739168767422603,0.18131778346984592,0,Float64,0.0019944187764898503,0.17774017457243768,0.16976804498657977,0.17590694551114774,0.17184516324796162,0.17519271396116629,0.17260731589846984
H,0,1953,0.15349366778621573,0.14830422804961002,0.1534977017017094,0.1587179394765092,0,Float64,0.0014121887248122523,0.15621839225642603,0.15073762426226978,0.1549647102266606,0.1520232830750132,0.1544445158673557,0.1525104106737045
H,0,1958,0.14465446156984801,0.14014258450822284,0.1446047431668048,0.1503598366596874,0,Float64,0.0014293413861887387,0.14745157571785078,0.14200318052762181,0.14615886462468772,0.14313290865505432,0.14562086377993647,0.14366322597106843
H,0,1963,0.14379998487783882,0.13822285754407462,0.14378006097104423,0.15099392015798813,0,Float64,0.0017313063209086833,0.1474179372477256,0.14053312054954994,0.145562685651685,0.14201571506944993,0.1449364950251547,0.14264879328006358
H,0,1968,0.1362756989320442,0.13175766567738023,0.1362546968487251,0.14157764499522094,0,Float64,0.0013187816808827532,0.13886897243594337,0.1338363618612461,0.13764997255481046,0.13489316166283952,0.13716687839390534,0.13534828962848602
H,0,1973,0.13321294284474397,0.1283650122168531,0.13322369442174933,0.1368994060380324,0,Float64,0.0012129477335063987,0.13562066473384415,0.1308118173907033,0.13444682973276761,0.13196756335271262,0.13400904492460006,0.13239589835092827
H,0,1978,0.13399746220413658,0.1297443137567128,0.13399291141647174,0.13893523919932874,0,Float64,0.0012307330185246693,0.13648119576683548,0.13159536469617036,0.1352457864622196,0.13274989511582722,0.13480056561674203,0.13317363638004565
H,0,1983,0.12677661056296213,0.11902841727374104,0.12676100471008206,0.13333331685680674,0,Float64,0.0016798882788459858,0.1301597511288003,0.12343159823719825,0.12847680601711756,0.12507199388834037,0.12787889003224473,0.1256735286325683
H,0,1988,0.12377492583352989,0.11955435751468282,0.12376622210508911,0.12747181582596057,0,Float64,0.0010980181065704808,0.12594844872622082,0.12166939112603137,0.12489992275129762,0.12264503574895966,0.12450149049159903,0.12303006026963878
H,0,1993,0.12148150423666833,0.11732551062068892,0.12146818182897469,0.12521667388098287,0,Float64,0.0010258403741554608,0.12355112734475993,0.11947367060593839,0.12252844614560579,0.12044258133297706,0.12214649309195945,0.1208065814828784
H,0,1998,0.12096849671995702,0.11717284653662247,0.12096641252503096,0.12527738949843858,0,Float64,0.001074814946639075,0.12304413193718923,0.11882666347248312,0.122066425985838,0.11988989306067405,0.12170099840095458,0.12025508240424632
H,0,2003,0.11985997278946121,0.11553978525174956,0.11982331622199416,0.1239497041969768,0,Float64,0.0011666833074423372,0.12219323031194718,0.11765431818062376,0.12108169701188212,0.1186689421996053,0.1206297091433275,0.11908772362278788
H,0,2008,0.11816429708700237,0.11375237973247479,0.11814776888052159,0.12248441556001834,0,Float64,0.0012625328475980827,0.12070342173285147,0.11573999217534127,0.1194715189757243,0.11684644927629992,0.11899775358060671,0.11730282141729649
H,0,2013,0.11310041649761035,0.1094035336855413,0.11310993365961095,0.11680981086099933,0,Float64,0.00099357642726182,0.11506376972239048,0.11112133681045881,0.1141467009197077,0.11205958449866721,0.11375746201065562,0.11243723711160221
H,1,2018,0.11342390838025301,0.10970885612169967,0.11339939639639185,0.11769854727621572,0,Float64,0.0011021177062478574,0.11555006363973416,0.11122198440372245,0.11457768354913975,0.11227978047274953,0.11416610974121735,0.11269312286495783
H,1,2023,0.11187629199997853,0.09006045177662203,0.11173642965464153,0.13408351879890315,0,Float64,0.004389576596168911,0.12088464645045598,0.10349628630794572,0.11631994742365451,0.10745156028246063,0.11466662866835065,0.10897624901024819
H,1,2028,0.11045343190903342,0.08212093057054652,0.11018242489366833,0.14988760474321194,0,Float64,0.006893661441705901,0.12486597105013891,0.09766680180127252,0.11739767559069622,0.10356425587354393,0.11474242030777182,0.1058365295143845
H,1,2033,0.10919273664656566,0.0659346681056571,0.10865933615997381,0.1813960392993522,0,Float64,0.00945807905857919,0.12944376950399908,0.09219127947711322,0.1185634993470169,0.09976886584375862,0.11492645036448676,0.1028117776436985
H,1,2038,0.10808472832738096,0.060991893494881294,0.10722679826977835,0.2116243045155612,0,Float64,0.012155910805604058,0.13476727794284574,0.08680956654115587,0.11993898351938229,0.09612211817235818,0.11518630753501445,0.09990814480126635
H,1,2043,0.1071659953501603,0.04764273876570156,0.10579859363297918,0.343013127688594,0,Float64,0.015099389434003387,0.1409118084405029,0.0817528648576223,0.12159864473485416,0.09256826141966769,0.1157094477274141,0.09709633747999813
H,1,2048,0.1063811915327983,0.03661279702988721,0.10447748779471686,0.7561620782724983,0,Float64,0.018466740293880013,0.14734018852378947,0.07670035442971958,0.12353460564011239,0.08906618476826457,0.11625619524685304,0.09429742910046854
